vibeqc-occupied-v1 24 96 1 40
8 3.7616719744228218 -0.20484690774673242 -2.7688817211501036
1 2.5138889864410987 -1.6001951064138491 -2.8921348693023314
1 5.1089492275280692 -0.58646738778606888 -3.9235249879777272
8 -0.20484690774673242 -3.7616719744228218 2.7688817211501036
1 -0.58646738778606888 -5.1089492275280692 3.9235249879777272
1 -1.6001951064138491 -2.5138889864410987 2.8921348693023314
8 -3.6637126014829842 -0.048330934070813764 2.648657577077294
1 -4.1053669755923421 0.049814690267797695 0.86619276245633847
1 -2.6433942932057577 1.4495033628879794 2.9564098944273542
8 0.048330934070813764 -3.6637126014829842 -2.648657577077294
1 -0.049814690267797695 -4.1053669755923421 -0.86619276245633847
1 -1.4495033628879794 -2.6433942932057577 -2.9564098944273542
8 -0.048330934070813764 3.6637126014829842 -2.648657577077294
1 1.4495033628879794 2.6433942932057577 -2.9564098944273542
1 0.049814690267797695 4.1053669755923421 -0.86619276245633847
8 0.20484690774673242 3.7616719744228218 2.7688817211501036
1 1.6001951064138491 2.5138889864410987 2.8921348693023314
1 0.58646738778606888 5.1089492275280692 3.9235249879777272
8 -3.7616719744228218 0.20484690774673242 -2.7688817211501036
1 -2.5138889864410987 1.6001951064138491 -2.8921348693023314
1 -5.1089492275280692 0.58646738778606888 -3.9235249879777272
8 3.6637126014829842 0.048330934070813764 2.648657577077294
1 4.1053669755923421 -0.049814690267797695 0.86619276245633847
1 2.6433942932057577 -1.4495033628879794 2.9564098944273542
0 0 5
2266.1767785000002 -0.0053431809925999999
340.87010191000002 -0.03989003923
77.363135166999996 -0.17853911985000001
21.47964494 -0.46427684958999998
6.6589433123999999 -0.44309745171999998
0 0 1
0.80975975668 1
0 0 1
0.25530772233999999 1
0 1 3
17.721504317000001 0.043394573192999997
3.8635505440000002 0.23094120765000001
1.0480920883 0.51375311063999995
0 1 1
0.27641544411000002 1
0 2 1
1.2 1
1 0 3
13.010700999999999 0.019682158000000002
1.9622572 0.13796523999999999
0.44453796000000001 0.47831934999999998
1 0 1
0.12194961999999999 1
1 1 1
0.80000000000000004 1
2 0 3
13.010700999999999 0.019682158000000002
1.9622572 0.13796523999999999
0.44453796000000001 0.47831934999999998
2 0 1
0.12194961999999999 1
2 1 1
0.80000000000000004 1
3 0 5
2266.1767785000002 -0.0053431809925999999
340.87010191000002 -0.03989003923
77.363135166999996 -0.17853911985000001
21.47964494 -0.46427684958999998
6.6589433123999999 -0.44309745171999998
3 0 1
0.80975975668 1
3 0 1
0.25530772233999999 1
3 1 3
17.721504317000001 0.043394573192999997
3.8635505440000002 0.23094120765000001
1.0480920883 0.51375311063999995
3 1 1
0.27641544411000002 1
3 2 1
1.2 1
4 0 3
13.010700999999999 0.019682158000000002
1.9622572 0.13796523999999999
0.44453796000000001 0.47831934999999998
4 0 1
0.12194961999999999 1
4 1 1
0.80000000000000004 1
5 0 3
13.010700999999999 0.019682158000000002
1.9622572 0.13796523999999999
0.44453796000000001 0.47831934999999998
5 0 1
0.12194961999999999 1
5 1 1
0.80000000000000004 1
6 0 5
2266.1767785000002 -0.0053431809925999999
340.87010191000002 -0.03989003923
77.363135166999996 -0.17853911985000001
21.47964494 -0.46427684958999998
6.6589433123999999 -0.44309745171999998
6 0 1
0.80975975668 1
6 0 1
0.25530772233999999 1
6 1 3
17.721504317000001 0.043394573192999997
3.8635505440000002 0.23094120765000001
1.0480920883 0.51375311063999995
6 1 1
0.27641544411000002 1
6 2 1
1.2 1
7 0 3
13.010700999999999 0.019682158000000002
1.9622572 0.13796523999999999
0.44453796000000001 0.47831934999999998
7 0 1
0.12194961999999999 1
7 1 1
0.80000000000000004 1
8 0 3
13.010700999999999 0.019682158000000002
1.9622572 0.13796523999999999
0.44453796000000001 0.47831934999999998
8 0 1
0.12194961999999999 1
8 1 1
0.80000000000000004 1
9 0 5
2266.1767785000002 -0.0053431809925999999
340.87010191000002 -0.03989003923
77.363135166999996 -0.17853911985000001
21.47964494 -0.46427684958999998
6.6589433123999999 -0.44309745171999998
9 0 1
0.80975975668 1
9 0 1
0.25530772233999999 1
9 1 3
17.721504317000001 0.043394573192999997
3.8635505440000002 0.23094120765000001
1.0480920883 0.51375311063999995
9 1 1
0.27641544411000002 1
9 2 1
1.2 1
10 0 3
13.010700999999999 0.019682158000000002
1.9622572 0.13796523999999999
0.44453796000000001 0.47831934999999998
10 0 1
0.12194961999999999 1
10 1 1
0.80000000000000004 1
11 0 3
13.010700999999999 0.019682158000000002
1.9622572 0.13796523999999999
0.44453796000000001 0.47831934999999998
11 0 1
0.12194961999999999 1
11 1 1
0.80000000000000004 1
12 0 5
2266.1767785000002 -0.0053431809925999999
340.87010191000002 -0.03989003923
77.363135166999996 -0.17853911985000001
21.47964494 -0.46427684958999998
6.6589433123999999 -0.44309745171999998
12 0 1
0.80975975668 1
12 0 1
0.25530772233999999 1
12 1 3
17.721504317000001 0.043394573192999997
3.8635505440000002 0.23094120765000001
1.0480920883 0.51375311063999995
12 1 1
0.27641544411000002 1
12 2 1
1.2 1
13 0 3
13.010700999999999 0.019682158000000002
1.9622572 0.13796523999999999
0.44453796000000001 0.47831934999999998
13 0 1
0.12194961999999999 1
13 1 1
0.80000000000000004 1
14 0 3
13.010700999999999 0.019682158000000002
1.9622572 0.13796523999999999
0.44453796000000001 0.47831934999999998
14 0 1
0.12194961999999999 1
14 1 1
0.80000000000000004 1
15 0 5
2266.1767785000002 -0.0053431809925999999
340.87010191000002 -0.03989003923
77.363135166999996 -0.17853911985000001
21.47964494 -0.46427684958999998
6.6589433123999999 -0.44309745171999998
15 0 1
0.80975975668 1
15 0 1
0.25530772233999999 1
15 1 3
17.721504317000001 0.043394573192999997
3.8635505440000002 0.23094120765000001
1.0480920883 0.51375311063999995
15 1 1
0.27641544411000002 1
15 2 1
1.2 1
16 0 3
13.010700999999999 0.019682158000000002
1.9622572 0.13796523999999999
0.44453796000000001 0.47831934999999998
16 0 1
0.12194961999999999 1
16 1 1
0.80000000000000004 1
17 0 3
13.010700999999999 0.019682158000000002
1.9622572 0.13796523999999999
0.44453796000000001 0.47831934999999998
17 0 1
0.12194961999999999 1
17 1 1
0.80000000000000004 1
18 0 5
2266.1767785000002 -0.0053431809925999999
340.87010191000002 -0.03989003923
77.363135166999996 -0.17853911985000001
21.47964494 -0.46427684958999998
6.6589433123999999 -0.44309745171999998
18 0 1
0.80975975668 1
18 0 1
0.25530772233999999 1
18 1 3
17.721504317000001 0.043394573192999997
3.8635505440000002 0.23094120765000001
1.0480920883 0.51375311063999995
18 1 1
0.27641544411000002 1
18 2 1
1.2 1
19 0 3
13.010700999999999 0.019682158000000002
1.9622572 0.13796523999999999
0.44453796000000001 0.47831934999999998
19 0 1
0.12194961999999999 1
19 1 1
0.80000000000000004 1
20 0 3
13.010700999999999 0.019682158000000002
1.9622572 0.13796523999999999
0.44453796000000001 0.47831934999999998
20 0 1
0.12194961999999999 1
20 1 1
0.80000000000000004 1
21 0 5
2266.1767785000002 -0.0053431809925999999
340.87010191000002 -0.03989003923
77.363135166999996 -0.17853911985000001
21.47964494 -0.46427684958999998
6.6589433123999999 -0.44309745171999998
21 0 1
0.80975975668 1
21 0 1
0.25530772233999999 1
21 1 3
17.721504317000001 0.043394573192999997
3.8635505440000002 0.23094120765000001
1.0480920883 0.51375311063999995
21 1 1
0.27641544411000002 1
21 2 1
1.2 1
22 0 3
13.010700999999999 0.019682158000000002
1.9622572 0.13796523999999999
0.44453796000000001 0.47831934999999998
22 0 1
0.12194961999999999 1
22 1 1
0.80000000000000004 1
23 0 3
13.010700999999999 0.019682158000000002
1.9622572 0.13796523999999999
0.44453796000000001 0.47831934999999998
23 0 1
0.12194961999999999 1
23 1 1
0.80000000000000004 1
