vibeqc-occupied-v1 96 384 1 160
8 -5.68695864870603 -9.653477530875584 -2.7688817211501036
1 -6.9347416366877521 -11.048825729542701 -2.8921348693023314
1 -4.339681395600782 -10.03509801091492 -3.9235249879777272
8 -9.653477530875584 -13.210302597551673 2.7688817211501036
1 -10.03509801091492 -14.557579850656921 3.9235249879777272
1 -11.048825729542701 -11.96251960956995 2.8921348693023314
8 -13.112343224611836 -9.4969615571996648 2.648657577077294
1 -13.553997598721192 -9.3988159328610532 0.86619276245633847
1 -12.092024916334609 -7.9991272602408721 2.9564098944273542
8 -9.4002996890580377 -13.112343224611836 -2.648657577077294
1 -9.4984453133966493 -13.553997598721192 -0.86619276245633847
1 -10.89813398601683 -12.092024916334609 -2.9564098944273542
8 -9.4969615571996648 -5.7849180216458667 -2.648657577077294
1 -7.9991272602408721 -6.805236329923094 -2.9564098944273542
1 -9.3988159328610532 -5.3432636475365092 -0.86619276245633847
8 -9.2437837153821185 -5.68695864870603 2.7688817211501036
1 -7.8484355167150017 -6.9347416366877521 2.8921348693023314
1 -8.8621632353427824 -4.339681395600782 3.9235249879777272
8 -13.210302597551673 -9.2437837153821185 -2.7688817211501036
1 -11.96251960956995 -7.8484355167150017 -2.8921348693023314
1 -14.557579850656921 -8.8621632353427824 -3.9235249879777272
8 -5.7849180216458667 -9.4002996890580377 2.648657577077294
1 -5.3432636475365092 -9.4984453133966493 0.86619276245633847
1 -6.805236329923094 -10.89813398601683 2.9564098944273542
8 -5.68695864870603 9.2437837153821185 -2.7688817211501036
1 -6.9347416366877521 7.8484355167150017 -2.8921348693023314
1 -4.339681395600782 8.8621632353427824 -3.9235249879777272
8 -9.653477530875584 5.68695864870603 2.7688817211501036
1 -10.03509801091492 4.339681395600782 3.9235249879777272
1 -11.048825729542701 6.9347416366877521 2.8921348693023314
8 -13.112343224611836 9.4002996890580377 2.648657577077294
1 -13.553997598721192 9.4984453133966493 0.86619276245633847
1 -12.092024916334609 10.89813398601683 2.9564098944273542
8 -9.4002996890580377 5.7849180216458667 -2.648657577077294
1 -9.4984453133966493 5.3432636475365092 -0.86619276245633847
1 -10.89813398601683 6.805236329923094 -2.9564098944273542
8 -9.4969615571996648 13.112343224611836 -2.648657577077294
1 -7.9991272602408721 12.092024916334609 -2.9564098944273542
1 -9.3988159328610532 13.553997598721192 -0.86619276245633847
8 -9.2437837153821185 13.210302597551673 2.7688817211501036
1 -7.8484355167150017 11.96251960956995 2.8921348693023314
1 -8.8621632353427824 14.557579850656921 3.9235249879777272
8 -13.210302597551673 9.653477530875584 -2.7688817211501036
1 -11.96251960956995 11.048825729542701 -2.8921348693023314
1 -14.557579850656921 10.03509801091492 -3.9235249879777272
8 -5.7849180216458667 9.4969615571996648 2.648657577077294
1 -5.3432636475365092 9.3988159328610532 0.86619276245633847
1 -6.805236329923094 7.9991272602408721 2.9564098944273542
8 13.210302597551673 -9.653477530875584 -2.7688817211501036
1 11.96251960956995 -11.048825729542701 -2.8921348693023314
1 14.557579850656921 -10.03509801091492 -3.9235249879777272
8 9.2437837153821185 -13.210302597551673 2.7688817211501036
1 8.8621632353427824 -14.557579850656921 3.9235249879777272
1 7.8484355167150017 -11.96251960956995 2.8921348693023314
8 5.7849180216458667 -9.4969615571996648 2.648657577077294
1 5.3432636475365092 -9.3988159328610532 0.86619276245633847
1 6.805236329923094 -7.9991272602408721 2.9564098944273542
8 9.4969615571996648 -13.112343224611836 -2.648657577077294
1 9.3988159328610532 -13.553997598721192 -0.86619276245633847
1 7.9991272602408721 -12.092024916334609 -2.9564098944273542
8 9.4002996890580377 -5.7849180216458667 -2.648657577077294
1 10.89813398601683 -6.805236329923094 -2.9564098944273542
1 9.4984453133966493 -5.3432636475365092 -0.86619276245633847
8 9.653477530875584 -5.68695864870603 2.7688817211501036
1 11.048825729542701 -6.9347416366877521 2.8921348693023314
1 10.03509801091492 -4.339681395600782 3.9235249879777272
8 5.68695864870603 -9.2437837153821185 -2.7688817211501036
1 6.9347416366877521 -7.8484355167150017 -2.8921348693023314
1 4.339681395600782 -8.8621632353427824 -3.9235249879777272
8 13.112343224611836 -9.4002996890580377 2.648657577077294
1 13.553997598721192 -9.4984453133966493 0.86619276245633847
1 12.092024916334609 -10.89813398601683 2.9564098944273542
8 13.210302597551673 9.2437837153821185 -2.7688817211501036
1 11.96251960956995 7.8484355167150017 -2.8921348693023314
1 14.557579850656921 8.8621632353427824 -3.9235249879777272
8 9.2437837153821185 5.68695864870603 2.7688817211501036
1 8.8621632353427824 4.339681395600782 3.9235249879777272
1 7.8484355167150017 6.9347416366877521 2.8921348693023314
8 5.7849180216458667 9.4002996890580377 2.648657577077294
1 5.3432636475365092 9.4984453133966493 0.86619276245633847
1 6.805236329923094 10.89813398601683 2.9564098944273542
8 9.4969615571996648 5.7849180216458667 -2.648657577077294
1 9.3988159328610532 5.3432636475365092 -0.86619276245633847
1 7.9991272602408721 6.805236329923094 -2.9564098944273542
8 9.4002996890580377 13.112343224611836 -2.648657577077294
1 10.89813398601683 12.092024916334609 -2.9564098944273542
1 9.4984453133966493 13.553997598721192 -0.86619276245633847
8 9.653477530875584 13.210302597551673 2.7688817211501036
1 11.048825729542701 11.96251960956995 2.8921348693023314
1 10.03509801091492 14.557579850656921 3.9235249879777272
8 5.68695864870603 9.653477530875584 -2.7688817211501036
1 6.9347416366877521 11.048825729542701 -2.8921348693023314
1 4.339681395600782 10.03509801091492 -3.9235249879777272
8 13.112343224611836 9.4969615571996648 2.648657577077294
1 13.553997598721192 9.3988159328610532 0.86619276245633847
1 12.092024916334609 7.9991272602408721 2.9564098944273542
0 0 5
2266.1767785000002 -0.0053431809925999999
340.87010191000002 -0.03989003923
77.363135166999996 -0.17853911985000001
21.47964494 -0.46427684958999998
6.6589433123999999 -0.44309745171999998
0 0 1
0.80975975668 1
0 0 1
0.25530772233999999 1
0 1 3
17.721504317000001 0.043394573192999997
3.8635505440000002 0.23094120765000001
1.0480920883 0.51375311063999995
0 1 1
0.27641544411000002 1
0 2 1
1.2 1
1 0 3
13.010700999999999 0.019682158000000002
1.9622572 0.13796523999999999
0.44453796000000001 0.47831934999999998
1 0 1
0.12194961999999999 1
1 1 1
0.80000000000000004 1
2 0 3
13.010700999999999 0.019682158000000002
1.9622572 0.13796523999999999
0.44453796000000001 0.47831934999999998
2 0 1
0.12194961999999999 1
2 1 1
0.80000000000000004 1
3 0 5
2266.1767785000002 -0.0053431809925999999
340.87010191000002 -0.03989003923
77.363135166999996 -0.17853911985000001
21.47964494 -0.46427684958999998
6.6589433123999999 -0.44309745171999998
3 0 1
0.80975975668 1
3 0 1
0.25530772233999999 1
3 1 3
17.721504317000001 0.043394573192999997
3.8635505440000002 0.23094120765000001
1.0480920883 0.51375311063999995
3 1 1
0.27641544411000002 1
3 2 1
1.2 1
4 0 3
13.010700999999999 0.019682158000000002
1.9622572 0.13796523999999999
0.44453796000000001 0.47831934999999998
4 0 1
0.12194961999999999 1
4 1 1
0.80000000000000004 1
5 0 3
13.010700999999999 0.019682158000000002
1.9622572 0.13796523999999999
0.44453796000000001 0.47831934999999998
5 0 1
0.12194961999999999 1
5 1 1
0.80000000000000004 1
6 0 5
2266.1767785000002 -0.0053431809925999999
340.87010191000002 -0.03989003923
77.363135166999996 -0.17853911985000001
21.47964494 -0.46427684958999998
6.6589433123999999 -0.44309745171999998
6 0 1
0.80975975668 1
6 0 1
0.25530772233999999 1
6 1 3
17.721504317000001 0.043394573192999997
3.8635505440000002 0.23094120765000001
1.0480920883 0.51375311063999995
6 1 1
0.27641544411000002 1
6 2 1
1.2 1
7 0 3
13.010700999999999 0.019682158000000002
1.9622572 0.13796523999999999
0.44453796000000001 0.47831934999999998
7 0 1
0.12194961999999999 1
7 1 1
0.80000000000000004 1
8 0 3
13.010700999999999 0.019682158000000002
1.9622572 0.13796523999999999
0.44453796000000001 0.47831934999999998
8 0 1
0.12194961999999999 1
8 1 1
0.80000000000000004 1
9 0 5
2266.1767785000002 -0.0053431809925999999
340.87010191000002 -0.03989003923
77.363135166999996 -0.17853911985000001
21.47964494 -0.46427684958999998
6.6589433123999999 -0.44309745171999998
9 0 1
0.80975975668 1
9 0 1
0.25530772233999999 1
9 1 3
17.721504317000001 0.043394573192999997
3.8635505440000002 0.23094120765000001
1.0480920883 0.51375311063999995
9 1 1
0.27641544411000002 1
9 2 1
1.2 1
10 0 3
13.010700999999999 0.019682158000000002
1.9622572 0.13796523999999999
0.44453796000000001 0.47831934999999998
10 0 1
0.12194961999999999 1
10 1 1
0.80000000000000004 1
11 0 3
13.010700999999999 0.019682158000000002
1.9622572 0.13796523999999999
0.44453796000000001 0.47831934999999998
11 0 1
0.12194961999999999 1
11 1 1
0.80000000000000004 1
12 0 5
2266.1767785000002 -0.0053431809925999999
340.87010191000002 -0.03989003923
77.363135166999996 -0.17853911985000001
21.47964494 -0.46427684958999998
6.6589433123999999 -0.44309745171999998
12 0 1
0.80975975668 1
12 0 1
0.25530772233999999 1
12 1 3
17.721504317000001 0.043394573192999997
3.8635505440000002 0.23094120765000001
1.0480920883 0.51375311063999995
12 1 1
0.27641544411000002 1
12 2 1
1.2 1
13 0 3
13.010700999999999 0.019682158000000002
1.9622572 0.13796523999999999
0.44453796000000001 0.47831934999999998
13 0 1
0.12194961999999999 1
13 1 1
0.80000000000000004 1
14 0 3
13.010700999999999 0.019682158000000002
1.9622572 0.13796523999999999
0.44453796000000001 0.47831934999999998
14 0 1
0.12194961999999999 1
14 1 1
0.80000000000000004 1
15 0 5
2266.1767785000002 -0.0053431809925999999
340.87010191000002 -0.03989003923
77.363135166999996 -0.17853911985000001
21.47964494 -0.46427684958999998
6.6589433123999999 -0.44309745171999998
15 0 1
0.80975975668 1
15 0 1
0.25530772233999999 1
15 1 3
17.721504317000001 0.043394573192999997
3.8635505440000002 0.23094120765000001
1.0480920883 0.51375311063999995
15 1 1
0.27641544411000002 1
15 2 1
1.2 1
16 0 3
13.010700999999999 0.019682158000000002
1.9622572 0.13796523999999999
0.44453796000000001 0.47831934999999998
16 0 1
0.12194961999999999 1
16 1 1
0.80000000000000004 1
17 0 3
13.010700999999999 0.019682158000000002
1.9622572 0.13796523999999999
0.44453796000000001 0.47831934999999998
17 0 1
0.12194961999999999 1
17 1 1
0.80000000000000004 1
18 0 5
2266.1767785000002 -0.0053431809925999999
340.87010191000002 -0.03989003923
77.363135166999996 -0.17853911985000001
21.47964494 -0.46427684958999998
6.6589433123999999 -0.44309745171999998
18 0 1
0.80975975668 1
18 0 1
0.25530772233999999 1
18 1 3
17.721504317000001 0.043394573192999997
3.8635505440000002 0.23094120765000001
1.0480920883 0.51375311063999995
18 1 1
0.27641544411000002 1
18 2 1
1.2 1
19 0 3
13.010700999999999 0.019682158000000002
1.9622572 0.13796523999999999
0.44453796000000001 0.47831934999999998
19 0 1
0.12194961999999999 1
19 1 1
0.80000000000000004 1
20 0 3
13.010700999999999 0.019682158000000002
1.9622572 0.13796523999999999
0.44453796000000001 0.47831934999999998
20 0 1
0.12194961999999999 1
20 1 1
0.80000000000000004 1
21 0 5
2266.1767785000002 -0.0053431809925999999
340.87010191000002 -0.03989003923
77.363135166999996 -0.17853911985000001
21.47964494 -0.46427684958999998
6.6589433123999999 -0.44309745171999998
21 0 1
0.80975975668 1
21 0 1
0.25530772233999999 1
21 1 3
17.721504317000001 0.043394573192999997
3.8635505440000002 0.23094120765000001
1.0480920883 0.51375311063999995
21 1 1
0.27641544411000002 1
21 2 1
1.2 1
22 0 3
13.010700999999999 0.019682158000000002
1.9622572 0.13796523999999999
0.44453796000000001 0.47831934999999998
22 0 1
0.12194961999999999 1
22 1 1
0.80000000000000004 1
23 0 3
13.010700999999999 0.019682158000000002
1.9622572 0.13796523999999999
0.44453796000000001 0.47831934999999998
23 0 1
0.12194961999999999 1
23 1 1
0.80000000000000004 1
24 0 5
2266.1767785000002 -0.0053431809925999999
340.87010191000002 -0.03989003923
77.363135166999996 -0.17853911985000001
21.47964494 -0.46427684958999998
6.6589433123999999 -0.44309745171999998
24 0 1
0.80975975668 1
24 0 1
0.25530772233999999 1
24 1 3
17.721504317000001 0.043394573192999997
3.8635505440000002 0.23094120765000001
1.0480920883 0.51375311063999995
24 1 1
0.27641544411000002 1
24 2 1
1.2 1
25 0 3
13.010700999999999 0.019682158000000002
1.9622572 0.13796523999999999
0.44453796000000001 0.47831934999999998
25 0 1
0.12194961999999999 1
25 1 1
0.80000000000000004 1
26 0 3
13.010700999999999 0.019682158000000002
1.9622572 0.13796523999999999
0.44453796000000001 0.47831934999999998
26 0 1
0.12194961999999999 1
26 1 1
0.80000000000000004 1
27 0 5
2266.1767785000002 -0.0053431809925999999
340.87010191000002 -0.03989003923
77.363135166999996 -0.17853911985000001
21.47964494 -0.46427684958999998
6.6589433123999999 -0.44309745171999998
27 0 1
0.80975975668 1
27 0 1
0.25530772233999999 1
27 1 3
17.721504317000001 0.043394573192999997
3.8635505440000002 0.23094120765000001
1.0480920883 0.51375311063999995
27 1 1
0.27641544411000002 1
27 2 1
1.2 1
28 0 3
13.010700999999999 0.019682158000000002
1.9622572 0.13796523999999999
0.44453796000000001 0.47831934999999998
28 0 1
0.12194961999999999 1
28 1 1
0.80000000000000004 1
29 0 3
13.010700999999999 0.019682158000000002
1.9622572 0.13796523999999999
0.44453796000000001 0.47831934999999998
29 0 1
0.12194961999999999 1
29 1 1
0.80000000000000004 1
30 0 5
2266.1767785000002 -0.0053431809925999999
340.87010191000002 -0.03989003923
77.363135166999996 -0.17853911985000001
21.47964494 -0.46427684958999998
6.6589433123999999 -0.44309745171999998
30 0 1
0.80975975668 1
30 0 1
0.25530772233999999 1
30 1 3
17.721504317000001 0.043394573192999997
3.8635505440000002 0.23094120765000001
1.0480920883 0.51375311063999995
30 1 1
0.27641544411000002 1
30 2 1
1.2 1
31 0 3
13.010700999999999 0.019682158000000002
1.9622572 0.13796523999999999
0.44453796000000001 0.47831934999999998
31 0 1
0.12194961999999999 1
31 1 1
0.80000000000000004 1
32 0 3
13.010700999999999 0.019682158000000002
1.9622572 0.13796523999999999
0.44453796000000001 0.47831934999999998
32 0 1
0.12194961999999999 1
32 1 1
0.80000000000000004 1
33 0 5
2266.1767785000002 -0.0053431809925999999
340.87010191000002 -0.03989003923
77.363135166999996 -0.17853911985000001
21.47964494 -0.46427684958999998
6.6589433123999999 -0.44309745171999998
33 0 1
0.80975975668 1
33 0 1
0.25530772233999999 1
33 1 3
17.721504317000001 0.043394573192999997
3.8635505440000002 0.23094120765000001
1.0480920883 0.51375311063999995
33 1 1
0.27641544411000002 1
33 2 1
1.2 1
34 0 3
13.010700999999999 0.019682158000000002
1.9622572 0.13796523999999999
0.44453796000000001 0.47831934999999998
34 0 1
0.12194961999999999 1
34 1 1
0.80000000000000004 1
35 0 3
13.010700999999999 0.019682158000000002
1.9622572 0.13796523999999999
0.44453796000000001 0.47831934999999998
35 0 1
0.12194961999999999 1
35 1 1
0.80000000000000004 1
36 0 5
2266.1767785000002 -0.0053431809925999999
340.87010191000002 -0.03989003923
77.363135166999996 -0.17853911985000001
21.47964494 -0.46427684958999998
6.6589433123999999 -0.44309745171999998
36 0 1
0.80975975668 1
36 0 1
0.25530772233999999 1
36 1 3
17.721504317000001 0.043394573192999997
3.8635505440000002 0.23094120765000001
1.0480920883 0.51375311063999995
36 1 1
0.27641544411000002 1
36 2 1
1.2 1
37 0 3
13.010700999999999 0.019682158000000002
1.9622572 0.13796523999999999
0.44453796000000001 0.47831934999999998
37 0 1
0.12194961999999999 1
37 1 1
0.80000000000000004 1
38 0 3
13.010700999999999 0.019682158000000002
1.9622572 0.13796523999999999
0.44453796000000001 0.47831934999999998
38 0 1
0.12194961999999999 1
38 1 1
0.80000000000000004 1
39 0 5
2266.1767785000002 -0.0053431809925999999
340.87010191000002 -0.03989003923
77.363135166999996 -0.17853911985000001
21.47964494 -0.46427684958999998
6.6589433123999999 -0.44309745171999998
39 0 1
0.80975975668 1
39 0 1
0.25530772233999999 1
39 1 3
17.721504317000001 0.043394573192999997
3.8635505440000002 0.23094120765000001
1.0480920883 0.51375311063999995
39 1 1
0.27641544411000002 1
39 2 1
1.2 1
40 0 3
13.010700999999999 0.019682158000000002
1.9622572 0.13796523999999999
0.44453796000000001 0.47831934999999998
40 0 1
0.12194961999999999 1
40 1 1
0.80000000000000004 1
41 0 3
13.010700999999999 0.019682158000000002
1.9622572 0.13796523999999999
0.44453796000000001 0.47831934999999998
41 0 1
0.12194961999999999 1
41 1 1
0.80000000000000004 1
42 0 5
2266.1767785000002 -0.0053431809925999999
340.87010191000002 -0.03989003923
77.363135166999996 -0.17853911985000001
21.47964494 -0.46427684958999998
6.6589433123999999 -0.44309745171999998
42 0 1
0.80975975668 1
42 0 1
0.25530772233999999 1
42 1 3
17.721504317000001 0.043394573192999997
3.8635505440000002 0.23094120765000001
1.0480920883 0.51375311063999995
42 1 1
0.27641544411000002 1
42 2 1
1.2 1
43 0 3
13.010700999999999 0.019682158000000002
1.9622572 0.13796523999999999
0.44453796000000001 0.47831934999999998
43 0 1
0.12194961999999999 1
43 1 1
0.80000000000000004 1
44 0 3
13.010700999999999 0.019682158000000002
1.9622572 0.13796523999999999
0.44453796000000001 0.47831934999999998
44 0 1
0.12194961999999999 1
44 1 1
0.80000000000000004 1
45 0 5
2266.1767785000002 -0.0053431809925999999
340.87010191000002 -0.03989003923
77.363135166999996 -0.17853911985000001
21.47964494 -0.46427684958999998
6.6589433123999999 -0.44309745171999998
45 0 1
0.80975975668 1
45 0 1
0.25530772233999999 1
45 1 3
17.721504317000001 0.043394573192999997
3.8635505440000002 0.23094120765000001
1.0480920883 0.51375311063999995
45 1 1
0.27641544411000002 1
45 2 1
1.2 1
46 0 3
13.010700999999999 0.019682158000000002
1.9622572 0.13796523999999999
0.44453796000000001 0.47831934999999998
46 0 1
0.12194961999999999 1
46 1 1
0.80000000000000004 1
47 0 3
13.010700999999999 0.019682158000000002
1.9622572 0.13796523999999999
0.44453796000000001 0.47831934999999998
47 0 1
0.12194961999999999 1
47 1 1
0.80000000000000004 1
48 0 5
2266.1767785000002 -0.0053431809925999999
340.87010191000002 -0.03989003923
77.363135166999996 -0.17853911985000001
21.47964494 -0.46427684958999998
6.6589433123999999 -0.44309745171999998
48 0 1
0.80975975668 1
48 0 1
0.25530772233999999 1
48 1 3
17.721504317000001 0.043394573192999997
3.8635505440000002 0.23094120765000001
1.0480920883 0.51375311063999995
48 1 1
0.27641544411000002 1
48 2 1
1.2 1
49 0 3
13.010700999999999 0.019682158000000002
1.9622572 0.13796523999999999
0.44453796000000001 0.47831934999999998
49 0 1
0.12194961999999999 1
49 1 1
0.80000000000000004 1
50 0 3
13.010700999999999 0.019682158000000002
1.9622572 0.13796523999999999
0.44453796000000001 0.47831934999999998
50 0 1
0.12194961999999999 1
50 1 1
0.80000000000000004 1
51 0 5
2266.1767785000002 -0.0053431809925999999
340.87010191000002 -0.03989003923
77.363135166999996 -0.17853911985000001
21.47964494 -0.46427684958999998
6.6589433123999999 -0.44309745171999998
51 0 1
0.80975975668 1
51 0 1
0.25530772233999999 1
51 1 3
17.721504317000001 0.043394573192999997
3.8635505440000002 0.23094120765000001
1.0480920883 0.51375311063999995
51 1 1
0.27641544411000002 1
51 2 1
1.2 1
52 0 3
13.010700999999999 0.019682158000000002
1.9622572 0.13796523999999999
0.44453796000000001 0.47831934999999998
52 0 1
0.12194961999999999 1
52 1 1
0.80000000000000004 1
53 0 3
13.010700999999999 0.019682158000000002
1.9622572 0.13796523999999999
0.44453796000000001 0.47831934999999998
53 0 1
0.12194961999999999 1
53 1 1
0.80000000000000004 1
54 0 5
2266.1767785000002 -0.0053431809925999999
340.87010191000002 -0.03989003923
77.363135166999996 -0.17853911985000001
21.47964494 -0.46427684958999998
6.6589433123999999 -0.44309745171999998
54 0 1
0.80975975668 1
54 0 1
0.25530772233999999 1
54 1 3
17.721504317000001 0.043394573192999997
3.8635505440000002 0.23094120765000001
1.0480920883 0.51375311063999995
54 1 1
0.27641544411000002 1
54 2 1
1.2 1
55 0 3
13.010700999999999 0.019682158000000002
1.9622572 0.13796523999999999
0.44453796000000001 0.47831934999999998
55 0 1
0.12194961999999999 1
55 1 1
0.80000000000000004 1
56 0 3
13.010700999999999 0.019682158000000002
1.9622572 0.13796523999999999
0.44453796000000001 0.47831934999999998
56 0 1
0.12194961999999999 1
56 1 1
0.80000000000000004 1
57 0 5
2266.1767785000002 -0.0053431809925999999
340.87010191000002 -0.03989003923
77.363135166999996 -0.17853911985000001
21.47964494 -0.46427684958999998
6.6589433123999999 -0.44309745171999998
57 0 1
0.80975975668 1
57 0 1
0.25530772233999999 1
57 1 3
17.721504317000001 0.043394573192999997
3.8635505440000002 0.23094120765000001
1.0480920883 0.51375311063999995
57 1 1
0.27641544411000002 1
57 2 1
1.2 1
58 0 3
13.010700999999999 0.019682158000000002
1.9622572 0.13796523999999999
0.44453796000000001 0.47831934999999998
58 0 1
0.12194961999999999 1
58 1 1
0.80000000000000004 1
59 0 3
13.010700999999999 0.019682158000000002
1.9622572 0.13796523999999999
0.44453796000000001 0.47831934999999998
59 0 1
0.12194961999999999 1
59 1 1
0.80000000000000004 1
60 0 5
2266.1767785000002 -0.0053431809925999999
340.87010191000002 -0.03989003923
77.363135166999996 -0.17853911985000001
21.47964494 -0.46427684958999998
6.6589433123999999 -0.44309745171999998
60 0 1
0.80975975668 1
60 0 1
0.25530772233999999 1
60 1 3
17.721504317000001 0.043394573192999997
3.8635505440000002 0.23094120765000001
1.0480920883 0.51375311063999995
60 1 1
0.27641544411000002 1
60 2 1
1.2 1
61 0 3
13.010700999999999 0.019682158000000002
1.9622572 0.13796523999999999
0.44453796000000001 0.47831934999999998
61 0 1
0.12194961999999999 1
61 1 1
0.80000000000000004 1
62 0 3
13.010700999999999 0.019682158000000002
1.9622572 0.13796523999999999
0.44453796000000001 0.47831934999999998
62 0 1
0.12194961999999999 1
62 1 1
0.80000000000000004 1
63 0 5
2266.1767785000002 -0.0053431809925999999
340.87010191000002 -0.03989003923
77.363135166999996 -0.17853911985000001
21.47964494 -0.46427684958999998
6.6589433123999999 -0.44309745171999998
63 0 1
0.80975975668 1
63 0 1
0.25530772233999999 1
63 1 3
17.721504317000001 0.043394573192999997
3.8635505440000002 0.23094120765000001
1.0480920883 0.51375311063999995
63 1 1
0.27641544411000002 1
63 2 1
1.2 1
64 0 3
13.010700999999999 0.019682158000000002
1.9622572 0.13796523999999999
0.44453796000000001 0.47831934999999998
64 0 1
0.12194961999999999 1
64 1 1
0.80000000000000004 1
65 0 3
13.010700999999999 0.019682158000000002
1.9622572 0.13796523999999999
0.44453796000000001 0.47831934999999998
65 0 1
0.12194961999999999 1
65 1 1
0.80000000000000004 1
66 0 5
2266.1767785000002 -0.0053431809925999999
340.87010191000002 -0.03989003923
77.363135166999996 -0.17853911985000001
21.47964494 -0.46427684958999998
6.6589433123999999 -0.44309745171999998
66 0 1
0.80975975668 1
66 0 1
0.25530772233999999 1
66 1 3
17.721504317000001 0.043394573192999997
3.8635505440000002 0.23094120765000001
1.0480920883 0.51375311063999995
66 1 1
0.27641544411000002 1
66 2 1
1.2 1
67 0 3
13.010700999999999 0.019682158000000002
1.9622572 0.13796523999999999
0.44453796000000001 0.47831934999999998
67 0 1
0.12194961999999999 1
67 1 1
0.80000000000000004 1
68 0 3
13.010700999999999 0.019682158000000002
1.9622572 0.13796523999999999
0.44453796000000001 0.47831934999999998
68 0 1
0.12194961999999999 1
68 1 1
0.80000000000000004 1
69 0 5
2266.1767785000002 -0.0053431809925999999
340.87010191000002 -0.03989003923
77.363135166999996 -0.17853911985000001
21.47964494 -0.46427684958999998
6.6589433123999999 -0.44309745171999998
69 0 1
0.80975975668 1
69 0 1
0.25530772233999999 1
69 1 3
17.721504317000001 0.043394573192999997
3.8635505440000002 0.23094120765000001
1.0480920883 0.51375311063999995
69 1 1
0.27641544411000002 1
69 2 1
1.2 1
70 0 3
13.010700999999999 0.019682158000000002
1.9622572 0.13796523999999999
0.44453796000000001 0.47831934999999998
70 0 1
0.12194961999999999 1
70 1 1
0.80000000000000004 1
71 0 3
13.010700999999999 0.019682158000000002
1.9622572 0.13796523999999999
0.44453796000000001 0.47831934999999998
71 0 1
0.12194961999999999 1
71 1 1
0.80000000000000004 1
72 0 5
2266.1767785000002 -0.0053431809925999999
340.87010191000002 -0.03989003923
77.363135166999996 -0.17853911985000001
21.47964494 -0.46427684958999998
6.6589433123999999 -0.44309745171999998
72 0 1
0.80975975668 1
72 0 1
0.25530772233999999 1
72 1 3
17.721504317000001 0.043394573192999997
3.8635505440000002 0.23094120765000001
1.0480920883 0.51375311063999995
72 1 1
0.27641544411000002 1
72 2 1
1.2 1
73 0 3
13.010700999999999 0.019682158000000002
1.9622572 0.13796523999999999
0.44453796000000001 0.47831934999999998
73 0 1
0.12194961999999999 1
73 1 1
0.80000000000000004 1
74 0 3
13.010700999999999 0.019682158000000002
1.9622572 0.13796523999999999
0.44453796000000001 0.47831934999999998
74 0 1
0.12194961999999999 1
74 1 1
0.80000000000000004 1
75 0 5
2266.1767785000002 -0.0053431809925999999
340.87010191000002 -0.03989003923
77.363135166999996 -0.17853911985000001
21.47964494 -0.46427684958999998
6.6589433123999999 -0.44309745171999998
75 0 1
0.80975975668 1
75 0 1
0.25530772233999999 1
75 1 3
17.721504317000001 0.043394573192999997
3.8635505440000002 0.23094120765000001
1.0480920883 0.51375311063999995
75 1 1
0.27641544411000002 1
75 2 1
1.2 1
76 0 3
13.010700999999999 0.019682158000000002
1.9622572 0.13796523999999999
0.44453796000000001 0.47831934999999998
76 0 1
0.12194961999999999 1
76 1 1
0.80000000000000004 1
77 0 3
13.010700999999999 0.019682158000000002
1.9622572 0.13796523999999999
0.44453796000000001 0.47831934999999998
77 0 1
0.12194961999999999 1
77 1 1
0.80000000000000004 1
78 0 5
2266.1767785000002 -0.0053431809925999999
340.87010191000002 -0.03989003923
77.363135166999996 -0.17853911985000001
21.47964494 -0.46427684958999998
6.6589433123999999 -0.44309745171999998
78 0 1
0.80975975668 1
78 0 1
0.25530772233999999 1
78 1 3
17.721504317000001 0.043394573192999997
3.8635505440000002 0.23094120765000001
1.0480920883 0.51375311063999995
78 1 1
0.27641544411000002 1
78 2 1
1.2 1
79 0 3
13.010700999999999 0.019682158000000002
1.9622572 0.13796523999999999
0.44453796000000001 0.47831934999999998
79 0 1
0.12194961999999999 1
79 1 1
0.80000000000000004 1
80 0 3
13.010700999999999 0.019682158000000002
1.9622572 0.13796523999999999
0.44453796000000001 0.47831934999999998
80 0 1
0.12194961999999999 1
80 1 1
0.80000000000000004 1
81 0 5
2266.1767785000002 -0.0053431809925999999
340.87010191000002 -0.03989003923
77.363135166999996 -0.17853911985000001
21.47964494 -0.46427684958999998
6.6589433123999999 -0.44309745171999998
81 0 1
0.80975975668 1
81 0 1
0.25530772233999999 1
81 1 3
17.721504317000001 0.043394573192999997
3.8635505440000002 0.23094120765000001
1.0480920883 0.51375311063999995
81 1 1
0.27641544411000002 1
81 2 1
1.2 1
82 0 3
13.010700999999999 0.019682158000000002
1.9622572 0.13796523999999999
0.44453796000000001 0.47831934999999998
82 0 1
0.12194961999999999 1
82 1 1
0.80000000000000004 1
83 0 3
13.010700999999999 0.019682158000000002
1.9622572 0.13796523999999999
0.44453796000000001 0.47831934999999998
83 0 1
0.12194961999999999 1
83 1 1
0.80000000000000004 1
84 0 5
2266.1767785000002 -0.0053431809925999999
340.87010191000002 -0.03989003923
77.363135166999996 -0.17853911985000001
21.47964494 -0.46427684958999998
6.6589433123999999 -0.44309745171999998
84 0 1
0.80975975668 1
84 0 1
0.25530772233999999 1
84 1 3
17.721504317000001 0.043394573192999997
3.8635505440000002 0.23094120765000001
1.0480920883 0.51375311063999995
84 1 1
0.27641544411000002 1
84 2 1
1.2 1
85 0 3
13.010700999999999 0.019682158000000002
1.9622572 0.13796523999999999
0.44453796000000001 0.47831934999999998
85 0 1
0.12194961999999999 1
85 1 1
0.80000000000000004 1
86 0 3
13.010700999999999 0.019682158000000002
1.9622572 0.13796523999999999
0.44453796000000001 0.47831934999999998
86 0 1
0.12194961999999999 1
86 1 1
0.80000000000000004 1
87 0 5
2266.1767785000002 -0.0053431809925999999
340.87010191000002 -0.03989003923
77.363135166999996 -0.17853911985000001
21.47964494 -0.46427684958999998
6.6589433123999999 -0.44309745171999998
87 0 1
0.80975975668 1
87 0 1
0.25530772233999999 1
87 1 3
17.721504317000001 0.043394573192999997
3.8635505440000002 0.23094120765000001
1.0480920883 0.51375311063999995
87 1 1
0.27641544411000002 1
87 2 1
1.2 1
88 0 3
13.010700999999999 0.019682158000000002
1.9622572 0.13796523999999999
0.44453796000000001 0.47831934999999998
88 0 1
0.12194961999999999 1
88 1 1
0.80000000000000004 1
89 0 3
13.010700999999999 0.019682158000000002
1.9622572 0.13796523999999999
0.44453796000000001 0.47831934999999998
89 0 1
0.12194961999999999 1
89 1 1
0.80000000000000004 1
90 0 5
2266.1767785000002 -0.0053431809925999999
340.87010191000002 -0.03989003923
77.363135166999996 -0.17853911985000001
21.47964494 -0.46427684958999998
6.6589433123999999 -0.44309745171999998
90 0 1
0.80975975668 1
90 0 1
0.25530772233999999 1
90 1 3
17.721504317000001 0.043394573192999997
3.8635505440000002 0.23094120765000001
1.0480920883 0.51375311063999995
90 1 1
0.27641544411000002 1
90 2 1
1.2 1
91 0 3
13.010700999999999 0.019682158000000002
1.9622572 0.13796523999999999
0.44453796000000001 0.47831934999999998
91 0 1
0.12194961999999999 1
91 1 1
0.80000000000000004 1
92 0 3
13.010700999999999 0.019682158000000002
1.9622572 0.13796523999999999
0.44453796000000001 0.47831934999999998
92 0 1
0.12194961999999999 1
92 1 1
0.80000000000000004 1
93 0 5
2266.1767785000002 -0.0053431809925999999
340.87010191000002 -0.03989003923
77.363135166999996 -0.17853911985000001
21.47964494 -0.46427684958999998
6.6589433123999999 -0.44309745171999998
93 0 1
0.80975975668 1
93 0 1
0.25530772233999999 1
93 1 3
17.721504317000001 0.043394573192999997
3.8635505440000002 0.23094120765000001
1.0480920883 0.51375311063999995
93 1 1
0.27641544411000002 1
93 2 1
1.2 1
94 0 3
13.010700999999999 0.019682158000000002
1.9622572 0.13796523999999999
0.44453796000000001 0.47831934999999998
94 0 1
0.12194961999999999 1
94 1 1
0.80000000000000004 1
95 0 3
13.010700999999999 0.019682158000000002
1.9622572 0.13796523999999999
0.44453796000000001 0.47831934999999998
95 0 1
0.12194961999999999 1
95 1 1
0.80000000000000004 1
