vibeqc-occupied-v1 12 48 1 20
8 -2.7523717837705979 2.4324730922691038 -0.013925198479684237
1 -0.93157260887236604 2.7962140445937926 -0.018633840290105546
1 -3.4382053128951653 3.3058360842199157 1.4213453942554803
8 -2.4324730922691038 -2.7523717837705979 0.013925198479684237
1 -2.7962140445937926 -0.93157260887236604 0.018633840290105546
1 -3.3058360842199157 -3.4382053128951653 -1.4213453942554803
8 2.7523717837705979 -2.4324730922691038 -0.013925198479684237
1 0.93157260887236604 -2.7962140445937926 -0.018633840290105546
1 3.4382053128951653 -3.3058360842199157 1.4213453942554803
8 2.4324730922691038 2.7523717837705979 0.013925198479684237
1 2.7962140445937926 0.93157260887236604 0.018633840290105546
1 3.3058360842199157 3.4382053128951653 -1.4213453942554803
0 0 5
2266.1767785000002 -0.0053431809925999999
340.87010191000002 -0.03989003923
77.363135166999996 -0.17853911985000001
21.47964494 -0.46427684958999998
6.6589433123999999 -0.44309745171999998
0 0 1
0.80975975668 1
0 0 1
0.25530772233999999 1
0 1 3
17.721504317000001 0.043394573192999997
3.8635505440000002 0.23094120765000001
1.0480920883 0.51375311063999995
0 1 1
0.27641544411000002 1
0 2 1
1.2 1
1 0 3
13.010700999999999 0.019682158000000002
1.9622572 0.13796523999999999
0.44453796000000001 0.47831934999999998
1 0 1
0.12194961999999999 1
1 1 1
0.80000000000000004 1
2 0 3
13.010700999999999 0.019682158000000002
1.9622572 0.13796523999999999
0.44453796000000001 0.47831934999999998
2 0 1
0.12194961999999999 1
2 1 1
0.80000000000000004 1
3 0 5
2266.1767785000002 -0.0053431809925999999
340.87010191000002 -0.03989003923
77.363135166999996 -0.17853911985000001
21.47964494 -0.46427684958999998
6.6589433123999999 -0.44309745171999998
3 0 1
0.80975975668 1
3 0 1
0.25530772233999999 1
3 1 3
17.721504317000001 0.043394573192999997
3.8635505440000002 0.23094120765000001
1.0480920883 0.51375311063999995
3 1 1
0.27641544411000002 1
3 2 1
1.2 1
4 0 3
13.010700999999999 0.019682158000000002
1.9622572 0.13796523999999999
0.44453796000000001 0.47831934999999998
4 0 1
0.12194961999999999 1
4 1 1
0.80000000000000004 1
5 0 3
13.010700999999999 0.019682158000000002
1.9622572 0.13796523999999999
0.44453796000000001 0.47831934999999998
5 0 1
0.12194961999999999 1
5 1 1
0.80000000000000004 1
6 0 5
2266.1767785000002 -0.0053431809925999999
340.87010191000002 -0.03989003923
77.363135166999996 -0.17853911985000001
21.47964494 -0.46427684958999998
6.6589433123999999 -0.44309745171999998
6 0 1
0.80975975668 1
6 0 1
0.25530772233999999 1
6 1 3
17.721504317000001 0.043394573192999997
3.8635505440000002 0.23094120765000001
1.0480920883 0.51375311063999995
6 1 1
0.27641544411000002 1
6 2 1
1.2 1
7 0 3
13.010700999999999 0.019682158000000002
1.9622572 0.13796523999999999
0.44453796000000001 0.47831934999999998
7 0 1
0.12194961999999999 1
7 1 1
0.80000000000000004 1
8 0 3
13.010700999999999 0.019682158000000002
1.9622572 0.13796523999999999
0.44453796000000001 0.47831934999999998
8 0 1
0.12194961999999999 1
8 1 1
0.80000000000000004 1
9 0 5
2266.1767785000002 -0.0053431809925999999
340.87010191000002 -0.03989003923
77.363135166999996 -0.17853911985000001
21.47964494 -0.46427684958999998
6.6589433123999999 -0.44309745171999998
9 0 1
0.80975975668 1
9 0 1
0.25530772233999999 1
9 1 3
17.721504317000001 0.043394573192999997
3.8635505440000002 0.23094120765000001
1.0480920883 0.51375311063999995
9 1 1
0.27641544411000002 1
9 2 1
1.2 1
10 0 3
13.010700999999999 0.019682158000000002
1.9622572 0.13796523999999999
0.44453796000000001 0.47831934999999998
10 0 1
0.12194961999999999 1
10 1 1
0.80000000000000004 1
11 0 3
13.010700999999999 0.019682158000000002
1.9622572 0.13796523999999999
0.44453796000000001 0.47831934999999998
11 0 1
0.12194961999999999 1
11 1 1
0.80000000000000004 1
