VQDF4041 2
384 48 192 1 1 1 14
8 -5.68695864870603 -0.20484690774673242 -2.7688817211501036
1 -6.934741636687752 -1.600195106413849 -2.8921348693023314
1 -4.339681395600782 -0.5864673877860689 -3.923524987977727
8 -9.653477530875584 -3.7616719744228218 2.7688817211501036
1 -10.03509801091492 -5.108949227528069 3.923524987977727
1 -11.0488257295427 -2.5138889864410987 2.8921348693023314
8 -13.112343224611836 -0.048330934070813764 2.648657577077294
1 -13.553997598721192 0.049814690267797695 0.8661927624563385
1 -12.092024916334609 1.4495033628879794 2.9564098944273542
8 -9.400299689058038 -3.663712601482984 -2.648657577077294
1 -9.49844531339665 -4.105366975592342 -0.8661927624563385
1 -10.89813398601683 -2.6433942932057577 -2.9564098944273542
8 -9.496961557199665 3.663712601482984 -2.648657577077294
1 -7.999127260240872 2.6433942932057577 -2.9564098944273542
1 -9.398815932861053 4.105366975592342 -0.8661927624563385
8 -9.243783715382119 3.7616719744228218 2.7688817211501036
1 -7.848435516715002 2.5138889864410987 2.8921348693023314
1 -8.862163235342782 5.108949227528069 3.923524987977727
8 -13.210302597551673 0.20484690774673242 -2.7688817211501036
1 -11.96251960956995 1.600195106413849 -2.8921348693023314
1 -14.557579850656921 0.5864673877860689 -3.923524987977727
8 -5.784918021645867 0.048330934070813764 2.648657577077294
1 -5.343263647536509 -0.049814690267797695 0.8661927624563385
1 -6.805236329923094 -1.4495033628879794 2.9564098944273542
8 13.210302597551673 -0.20484690774673242 -2.7688817211501036
1 11.96251960956995 -1.600195106413849 -2.8921348693023314
1 14.557579850656921 -0.5864673877860689 -3.923524987977727
8 9.243783715382119 -3.7616719744228218 2.7688817211501036
1 8.862163235342782 -5.108949227528069 3.923524987977727
1 7.848435516715002 -2.5138889864410987 2.8921348693023314
8 5.784918021645867 -0.048330934070813764 2.648657577077294
1 5.343263647536509 0.049814690267797695 0.8661927624563385
1 6.805236329923094 1.4495033628879794 2.9564098944273542
8 9.496961557199665 -3.663712601482984 -2.648657577077294
1 9.398815932861053 -4.105366975592342 -0.8661927624563385
1 7.999127260240872 -2.6433942932057577 -2.9564098944273542
8 9.400299689058038 3.663712601482984 -2.648657577077294
1 10.89813398601683 2.6433942932057577 -2.9564098944273542
1 9.49844531339665 4.105366975592342 -0.8661927624563385
8 9.653477530875584 3.7616719744228218 2.7688817211501036
1 11.0488257295427 2.5138889864410987 2.8921348693023314
1 10.03509801091492 5.108949227528069 3.923524987977727
8 5.68695864870603 0.20484690774673242 -2.7688817211501036
1 6.934741636687752 1.600195106413849 -2.8921348693023314
1 4.339681395600782 0.5864673877860689 -3.923524987977727
8 13.112343224611836 0.048330934070813764 2.648657577077294
1 13.553997598721192 -0.049814690267797695 0.8661927624563385
1 12.092024916334609 -1.4495033628879794 2.9564098944273542
0 0 5
2266.1767785000002 -0.0053431809925999999
340.87010191000002 -0.03989003923
77.363135166999996 -0.17853911985000001
21.47964494 -0.46427684958999998
6.6589433123999999 -0.44309745171999998
0 0 1
0.80975975668 1
0 0 1
0.25530772233999999 1
0 1 3
17.721504317000001 0.043394573192999997
3.8635505440000002 0.23094120765000001
1.0480920883 0.51375311063999995
0 1 1
0.27641544411000002 1
0 2 1
1.2 1
1 0 3
13.010700999999999 0.019682158000000002
1.9622572 0.13796523999999999
0.44453796000000001 0.47831934999999998
1 0 1
0.12194961999999999 1
1 1 1
0.80000000000000004 1
2 0 3
13.010700999999999 0.019682158000000002
1.9622572 0.13796523999999999
0.44453796000000001 0.47831934999999998
2 0 1
0.12194961999999999 1
2 1 1
0.80000000000000004 1
3 0 5
2266.1767785000002 -0.0053431809925999999
340.87010191000002 -0.03989003923
77.363135166999996 -0.17853911985000001
21.47964494 -0.46427684958999998
6.6589433123999999 -0.44309745171999998
3 0 1
0.80975975668 1
3 0 1
0.25530772233999999 1
3 1 3
17.721504317000001 0.043394573192999997
3.8635505440000002 0.23094120765000001
1.0480920883 0.51375311063999995
3 1 1
0.27641544411000002 1
3 2 1
1.2 1
4 0 3
13.010700999999999 0.019682158000000002
1.9622572 0.13796523999999999
0.44453796000000001 0.47831934999999998
4 0 1
0.12194961999999999 1
4 1 1
0.80000000000000004 1
5 0 3
13.010700999999999 0.019682158000000002
1.9622572 0.13796523999999999
0.44453796000000001 0.47831934999999998
5 0 1
0.12194961999999999 1
5 1 1
0.80000000000000004 1
6 0 5
2266.1767785000002 -0.0053431809925999999
340.87010191000002 -0.03989003923
77.363135166999996 -0.17853911985000001
21.47964494 -0.46427684958999998
6.6589433123999999 -0.44309745171999998
6 0 1
0.80975975668 1
6 0 1
0.25530772233999999 1
6 1 3
17.721504317000001 0.043394573192999997
3.8635505440000002 0.23094120765000001
1.0480920883 0.51375311063999995
6 1 1
0.27641544411000002 1
6 2 1
1.2 1
7 0 3
13.010700999999999 0.019682158000000002
1.9622572 0.13796523999999999
0.44453796000000001 0.47831934999999998
7 0 1
0.12194961999999999 1
7 1 1
0.80000000000000004 1
8 0 3
13.010700999999999 0.019682158000000002
1.9622572 0.13796523999999999
0.44453796000000001 0.47831934999999998
8 0 1
0.12194961999999999 1
8 1 1
0.80000000000000004 1
9 0 5
2266.1767785000002 -0.0053431809925999999
340.87010191000002 -0.03989003923
77.363135166999996 -0.17853911985000001
21.47964494 -0.46427684958999998
6.6589433123999999 -0.44309745171999998
9 0 1
0.80975975668 1
9 0 1
0.25530772233999999 1
9 1 3
17.721504317000001 0.043394573192999997
3.8635505440000002 0.23094120765000001
1.0480920883 0.51375311063999995
9 1 1
0.27641544411000002 1
9 2 1
1.2 1
10 0 3
13.010700999999999 0.019682158000000002
1.9622572 0.13796523999999999
0.44453796000000001 0.47831934999999998
10 0 1
0.12194961999999999 1
10 1 1
0.80000000000000004 1
11 0 3
13.010700999999999 0.019682158000000002
1.9622572 0.13796523999999999
0.44453796000000001 0.47831934999999998
11 0 1
0.12194961999999999 1
11 1 1
0.80000000000000004 1
12 0 5
2266.1767785000002 -0.0053431809925999999
340.87010191000002 -0.03989003923
77.363135166999996 -0.17853911985000001
21.47964494 -0.46427684958999998
6.6589433123999999 -0.44309745171999998
12 0 1
0.80975975668 1
12 0 1
0.25530772233999999 1
12 1 3
17.721504317000001 0.043394573192999997
3.8635505440000002 0.23094120765000001
1.0480920883 0.51375311063999995
12 1 1
0.27641544411000002 1
12 2 1
1.2 1
13 0 3
13.010700999999999 0.019682158000000002
1.9622572 0.13796523999999999
0.44453796000000001 0.47831934999999998
13 0 1
0.12194961999999999 1
13 1 1
0.80000000000000004 1
14 0 3
13.010700999999999 0.019682158000000002
1.9622572 0.13796523999999999
0.44453796000000001 0.47831934999999998
14 0 1
0.12194961999999999 1
14 1 1
0.80000000000000004 1
15 0 5
2266.1767785000002 -0.0053431809925999999
340.87010191000002 -0.03989003923
77.363135166999996 -0.17853911985000001
21.47964494 -0.46427684958999998
6.6589433123999999 -0.44309745171999998
15 0 1
0.80975975668 1
15 0 1
0.25530772233999999 1
15 1 3
17.721504317000001 0.043394573192999997
3.8635505440000002 0.23094120765000001
1.0480920883 0.51375311063999995
15 1 1
0.27641544411000002 1
15 2 1
1.2 1
16 0 3
13.010700999999999 0.019682158000000002
1.9622572 0.13796523999999999
0.44453796000000001 0.47831934999999998
16 0 1
0.12194961999999999 1
16 1 1
0.80000000000000004 1
17 0 3
13.010700999999999 0.019682158000000002
1.9622572 0.13796523999999999
0.44453796000000001 0.47831934999999998
17 0 1
0.12194961999999999 1
17 1 1
0.80000000000000004 1
18 0 5
2266.1767785000002 -0.0053431809925999999
340.87010191000002 -0.03989003923
77.363135166999996 -0.17853911985000001
21.47964494 -0.46427684958999998
6.6589433123999999 -0.44309745171999998
18 0 1
0.80975975668 1
18 0 1
0.25530772233999999 1
18 1 3
17.721504317000001 0.043394573192999997
3.8635505440000002 0.23094120765000001
1.0480920883 0.51375311063999995
18 1 1
0.27641544411000002 1
18 2 1
1.2 1
19 0 3
13.010700999999999 0.019682158000000002
1.9622572 0.13796523999999999
0.44453796000000001 0.47831934999999998
19 0 1
0.12194961999999999 1
19 1 1
0.80000000000000004 1
20 0 3
13.010700999999999 0.019682158000000002
1.9622572 0.13796523999999999
0.44453796000000001 0.47831934999999998
20 0 1
0.12194961999999999 1
20 1 1
0.80000000000000004 1
21 0 5
2266.1767785000002 -0.0053431809925999999
340.87010191000002 -0.03989003923
77.363135166999996 -0.17853911985000001
21.47964494 -0.46427684958999998
6.6589433123999999 -0.44309745171999998
21 0 1
0.80975975668 1
21 0 1
0.25530772233999999 1
21 1 3
17.721504317000001 0.043394573192999997
3.8635505440000002 0.23094120765000001
1.0480920883 0.51375311063999995
21 1 1
0.27641544411000002 1
21 2 1
1.2 1
22 0 3
13.010700999999999 0.019682158000000002
1.9622572 0.13796523999999999
0.44453796000000001 0.47831934999999998
22 0 1
0.12194961999999999 1
22 1 1
0.80000000000000004 1
23 0 3
13.010700999999999 0.019682158000000002
1.9622572 0.13796523999999999
0.44453796000000001 0.47831934999999998
23 0 1
0.12194961999999999 1
23 1 1
0.80000000000000004 1
24 0 5
2266.1767785000002 -0.0053431809925999999
340.87010191000002 -0.03989003923
77.363135166999996 -0.17853911985000001
21.47964494 -0.46427684958999998
6.6589433123999999 -0.44309745171999998
24 0 1
0.80975975668 1
24 0 1
0.25530772233999999 1
24 1 3
17.721504317000001 0.043394573192999997
3.8635505440000002 0.23094120765000001
1.0480920883 0.51375311063999995
24 1 1
0.27641544411000002 1
24 2 1
1.2 1
25 0 3
13.010700999999999 0.019682158000000002
1.9622572 0.13796523999999999
0.44453796000000001 0.47831934999999998
25 0 1
0.12194961999999999 1
25 1 1
0.80000000000000004 1
26 0 3
13.010700999999999 0.019682158000000002
1.9622572 0.13796523999999999
0.44453796000000001 0.47831934999999998
26 0 1
0.12194961999999999 1
26 1 1
0.80000000000000004 1
27 0 5
2266.1767785000002 -0.0053431809925999999
340.87010191000002 -0.03989003923
77.363135166999996 -0.17853911985000001
21.47964494 -0.46427684958999998
6.6589433123999999 -0.44309745171999998
27 0 1
0.80975975668 1
27 0 1
0.25530772233999999 1
27 1 3
17.721504317000001 0.043394573192999997
3.8635505440000002 0.23094120765000001
1.0480920883 0.51375311063999995
27 1 1
0.27641544411000002 1
27 2 1
1.2 1
28 0 3
13.010700999999999 0.019682158000000002
1.9622572 0.13796523999999999
0.44453796000000001 0.47831934999999998
28 0 1
0.12194961999999999 1
28 1 1
0.80000000000000004 1
29 0 3
13.010700999999999 0.019682158000000002
1.9622572 0.13796523999999999
0.44453796000000001 0.47831934999999998
29 0 1
0.12194961999999999 1
29 1 1
0.80000000000000004 1
30 0 5
2266.1767785000002 -0.0053431809925999999
340.87010191000002 -0.03989003923
77.363135166999996 -0.17853911985000001
21.47964494 -0.46427684958999998
6.6589433123999999 -0.44309745171999998
30 0 1
0.80975975668 1
30 0 1
0.25530772233999999 1
30 1 3
17.721504317000001 0.043394573192999997
3.8635505440000002 0.23094120765000001
1.0480920883 0.51375311063999995
30 1 1
0.27641544411000002 1
30 2 1
1.2 1
31 0 3
13.010700999999999 0.019682158000000002
1.9622572 0.13796523999999999
0.44453796000000001 0.47831934999999998
31 0 1
0.12194961999999999 1
31 1 1
0.80000000000000004 1
32 0 3
13.010700999999999 0.019682158000000002
1.9622572 0.13796523999999999
0.44453796000000001 0.47831934999999998
32 0 1
0.12194961999999999 1
32 1 1
0.80000000000000004 1
33 0 5
2266.1767785000002 -0.0053431809925999999
340.87010191000002 -0.03989003923
77.363135166999996 -0.17853911985000001
21.47964494 -0.46427684958999998
6.6589433123999999 -0.44309745171999998
33 0 1
0.80975975668 1
33 0 1
0.25530772233999999 1
33 1 3
17.721504317000001 0.043394573192999997
3.8635505440000002 0.23094120765000001
1.0480920883 0.51375311063999995
33 1 1
0.27641544411000002 1
33 2 1
1.2 1
34 0 3
13.010700999999999 0.019682158000000002
1.9622572 0.13796523999999999
0.44453796000000001 0.47831934999999998
34 0 1
0.12194961999999999 1
34 1 1
0.80000000000000004 1
35 0 3
13.010700999999999 0.019682158000000002
1.9622572 0.13796523999999999
0.44453796000000001 0.47831934999999998
35 0 1
0.12194961999999999 1
35 1 1
0.80000000000000004 1
36 0 5
2266.1767785000002 -0.0053431809925999999
340.87010191000002 -0.03989003923
77.363135166999996 -0.17853911985000001
21.47964494 -0.46427684958999998
6.6589433123999999 -0.44309745171999998
36 0 1
0.80975975668 1
36 0 1
0.25530772233999999 1
36 1 3
17.721504317000001 0.043394573192999997
3.8635505440000002 0.23094120765000001
1.0480920883 0.51375311063999995
36 1 1
0.27641544411000002 1
36 2 1
1.2 1
37 0 3
13.010700999999999 0.019682158000000002
1.9622572 0.13796523999999999
0.44453796000000001 0.47831934999999998
37 0 1
0.12194961999999999 1
37 1 1
0.80000000000000004 1
38 0 3
13.010700999999999 0.019682158000000002
1.9622572 0.13796523999999999
0.44453796000000001 0.47831934999999998
38 0 1
0.12194961999999999 1
38 1 1
0.80000000000000004 1
39 0 5
2266.1767785000002 -0.0053431809925999999
340.87010191000002 -0.03989003923
77.363135166999996 -0.17853911985000001
21.47964494 -0.46427684958999998
6.6589433123999999 -0.44309745171999998
39 0 1
0.80975975668 1
39 0 1
0.25530772233999999 1
39 1 3
17.721504317000001 0.043394573192999997
3.8635505440000002 0.23094120765000001
1.0480920883 0.51375311063999995
39 1 1
0.27641544411000002 1
39 2 1
1.2 1
40 0 3
13.010700999999999 0.019682158000000002
1.9622572 0.13796523999999999
0.44453796000000001 0.47831934999999998
40 0 1
0.12194961999999999 1
40 1 1
0.80000000000000004 1
41 0 3
13.010700999999999 0.019682158000000002
1.9622572 0.13796523999999999
0.44453796000000001 0.47831934999999998
41 0 1
0.12194961999999999 1
41 1 1
0.80000000000000004 1
42 0 5
2266.1767785000002 -0.0053431809925999999
340.87010191000002 -0.03989003923
77.363135166999996 -0.17853911985000001
21.47964494 -0.46427684958999998
6.6589433123999999 -0.44309745171999998
42 0 1
0.80975975668 1
42 0 1
0.25530772233999999 1
42 1 3
17.721504317000001 0.043394573192999997
3.8635505440000002 0.23094120765000001
1.0480920883 0.51375311063999995
42 1 1
0.27641544411000002 1
42 2 1
1.2 1
43 0 3
13.010700999999999 0.019682158000000002
1.9622572 0.13796523999999999
0.44453796000000001 0.47831934999999998
43 0 1
0.12194961999999999 1
43 1 1
0.80000000000000004 1
44 0 3
13.010700999999999 0.019682158000000002
1.9622572 0.13796523999999999
0.44453796000000001 0.47831934999999998
44 0 1
0.12194961999999999 1
44 1 1
0.80000000000000004 1
45 0 5
2266.1767785000002 -0.0053431809925999999
340.87010191000002 -0.03989003923
77.363135166999996 -0.17853911985000001
21.47964494 -0.46427684958999998
6.6589433123999999 -0.44309745171999998
45 0 1
0.80975975668 1
45 0 1
0.25530772233999999 1
45 1 3
17.721504317000001 0.043394573192999997
3.8635505440000002 0.23094120765000001
1.0480920883 0.51375311063999995
45 1 1
0.27641544411000002 1
45 2 1
1.2 1
46 0 3
13.010700999999999 0.019682158000000002
1.9622572 0.13796523999999999
0.44453796000000001 0.47831934999999998
46 0 1
0.12194961999999999 1
46 1 1
0.80000000000000004 1
47 0 3
13.010700999999999 0.019682158000000002
1.9622572 0.13796523999999999
0.44453796000000001 0.47831934999999998
47 0 1
0.12194961999999999 1
47 1 1
0.80000000000000004 1
0 384 1
1 1 2 1 1 1 18816 18816 18816 1016064
1 1 2 3 1 1 12288 12288 36864 1990656
1 1 2 3 3 1 2176 2176 19584 1057536
2 0 2 1 1 1 16384 16384 16384 589824
2 0 2 1 3 1 8192 8192 24576 884736
2 0 2 1 5 1 4096 4096 20480 737280
2 1 2 1 1 1 12288 12288 12288 1327104
2 1 2 1 3 1 4096 4096 12288 1327104
2 2 0 1 1 1 8704 8704 8704 313344
2 2 0 1 1 3 4352 4352 13056 470016
2 2 0 1 1 5 2176 2176 10880 391680
2 2 1 1 1 1 6528 6528 6528 705024
2 2 1 1 1 3 2176 2176 6528 705024
2 2 2 1 1 1 2176 2176 2176 470016
768 96 384 1 2 13 14
8 -5.68695864870603 -9.653477530875584 -2.7688817211501036
1 -6.934741636687752 -11.0488257295427 -2.8921348693023314
1 -4.339681395600782 -10.03509801091492 -3.923524987977727
8 -9.653477530875584 -13.210302597551673 2.7688817211501036
1 -10.03509801091492 -14.557579850656921 3.923524987977727
1 -11.0488257295427 -11.96251960956995 2.8921348693023314
8 -13.112343224611836 -9.496961557199665 2.648657577077294
1 -13.553997598721192 -9.398815932861053 0.8661927624563385
1 -12.092024916334609 -7.999127260240872 2.9564098944273542
8 -9.400299689058038 -13.112343224611836 -2.648657577077294
1 -9.49844531339665 -13.553997598721192 -0.8661927624563385
1 -10.89813398601683 -12.092024916334609 -2.9564098944273542
8 -9.496961557199665 -5.784918021645867 -2.648657577077294
1 -7.999127260240872 -6.805236329923094 -2.9564098944273542
1 -9.398815932861053 -5.343263647536509 -0.8661927624563385
8 -9.243783715382119 -5.68695864870603 2.7688817211501036
1 -7.848435516715002 -6.934741636687752 2.8921348693023314
1 -8.862163235342782 -4.339681395600782 3.923524987977727
8 -13.210302597551673 -9.243783715382119 -2.7688817211501036
1 -11.96251960956995 -7.848435516715002 -2.8921348693023314
1 -14.557579850656921 -8.862163235342782 -3.923524987977727
8 -5.784918021645867 -9.400299689058038 2.648657577077294
1 -5.343263647536509 -9.49844531339665 0.8661927624563385
1 -6.805236329923094 -10.89813398601683 2.9564098944273542
8 -5.68695864870603 9.243783715382119 -2.7688817211501036
1 -6.934741636687752 7.848435516715002 -2.8921348693023314
1 -4.339681395600782 8.862163235342782 -3.923524987977727
8 -9.653477530875584 5.68695864870603 2.7688817211501036
1 -10.03509801091492 4.339681395600782 3.923524987977727
1 -11.0488257295427 6.934741636687752 2.8921348693023314
8 -13.112343224611836 9.400299689058038 2.648657577077294
1 -13.553997598721192 9.49844531339665 0.8661927624563385
1 -12.092024916334609 10.89813398601683 2.9564098944273542
8 -9.400299689058038 5.784918021645867 -2.648657577077294
1 -9.49844531339665 5.343263647536509 -0.8661927624563385
1 -10.89813398601683 6.805236329923094 -2.9564098944273542
8 -9.496961557199665 13.112343224611836 -2.648657577077294
1 -7.999127260240872 12.092024916334609 -2.9564098944273542
1 -9.398815932861053 13.553997598721192 -0.8661927624563385
8 -9.243783715382119 13.210302597551673 2.7688817211501036
1 -7.848435516715002 11.96251960956995 2.8921348693023314
1 -8.862163235342782 14.557579850656921 3.923524987977727
8 -13.210302597551673 9.653477530875584 -2.7688817211501036
1 -11.96251960956995 11.0488257295427 -2.8921348693023314
1 -14.557579850656921 10.03509801091492 -3.923524987977727
8 -5.784918021645867 9.496961557199665 2.648657577077294
1 -5.343263647536509 9.398815932861053 0.8661927624563385
1 -6.805236329923094 7.999127260240872 2.9564098944273542
8 13.210302597551673 -9.653477530875584 -2.7688817211501036
1 11.96251960956995 -11.0488257295427 -2.8921348693023314
1 14.557579850656921 -10.03509801091492 -3.923524987977727
8 9.243783715382119 -13.210302597551673 2.7688817211501036
1 8.862163235342782 -14.557579850656921 3.923524987977727
1 7.848435516715002 -11.96251960956995 2.8921348693023314
8 5.784918021645867 -9.496961557199665 2.648657577077294
1 5.343263647536509 -9.398815932861053 0.8661927624563385
1 6.805236329923094 -7.999127260240872 2.9564098944273542
8 9.496961557199665 -13.112343224611836 -2.648657577077294
1 9.398815932861053 -13.553997598721192 -0.8661927624563385
1 7.999127260240872 -12.092024916334609 -2.9564098944273542
8 9.400299689058038 -5.784918021645867 -2.648657577077294
1 10.89813398601683 -6.805236329923094 -2.9564098944273542
1 9.49844531339665 -5.343263647536509 -0.8661927624563385
8 9.653477530875584 -5.68695864870603 2.7688817211501036
1 11.0488257295427 -6.934741636687752 2.8921348693023314
1 10.03509801091492 -4.339681395600782 3.923524987977727
8 5.68695864870603 -9.243783715382119 -2.7688817211501036
1 6.934741636687752 -7.848435516715002 -2.8921348693023314
1 4.339681395600782 -8.862163235342782 -3.923524987977727
8 13.112343224611836 -9.400299689058038 2.648657577077294
1 13.553997598721192 -9.49844531339665 0.8661927624563385
1 12.092024916334609 -10.89813398601683 2.9564098944273542
8 13.210302597551673 9.243783715382119 -2.7688817211501036
1 11.96251960956995 7.848435516715002 -2.8921348693023314
1 14.557579850656921 8.862163235342782 -3.923524987977727
8 9.243783715382119 5.68695864870603 2.7688817211501036
1 8.862163235342782 4.339681395600782 3.923524987977727
1 7.848435516715002 6.934741636687752 2.8921348693023314
8 5.784918021645867 9.400299689058038 2.648657577077294
1 5.343263647536509 9.49844531339665 0.8661927624563385
1 6.805236329923094 10.89813398601683 2.9564098944273542
8 9.496961557199665 5.784918021645867 -2.648657577077294
1 9.398815932861053 5.343263647536509 -0.8661927624563385
1 7.999127260240872 6.805236329923094 -2.9564098944273542
8 9.400299689058038 13.112343224611836 -2.648657577077294
1 10.89813398601683 12.092024916334609 -2.9564098944273542
1 9.49844531339665 13.553997598721192 -0.8661927624563385
8 9.653477530875584 13.210302597551673 2.7688817211501036
1 11.0488257295427 11.96251960956995 2.8921348693023314
1 10.03509801091492 14.557579850656921 3.923524987977727
8 5.68695864870603 9.653477530875584 -2.7688817211501036
1 6.934741636687752 11.0488257295427 -2.8921348693023314
1 4.339681395600782 10.03509801091492 -3.923524987977727
8 13.112343224611836 9.496961557199665 2.648657577077294
1 13.553997598721192 9.398815932861053 0.8661927624563385
1 12.092024916334609 7.999127260240872 2.9564098944273542
0 0 5
2266.1767785000002 -0.0053431809925999999
340.87010191000002 -0.03989003923
77.363135166999996 -0.17853911985000001
21.47964494 -0.46427684958999998
6.6589433123999999 -0.44309745171999998
0 0 1
0.80975975668 1
0 0 1
0.25530772233999999 1
0 1 3
17.721504317000001 0.043394573192999997
3.8635505440000002 0.23094120765000001
1.0480920883 0.51375311063999995
0 1 1
0.27641544411000002 1
0 2 1
1.2 1
1 0 3
13.010700999999999 0.019682158000000002
1.9622572 0.13796523999999999
0.44453796000000001 0.47831934999999998
1 0 1
0.12194961999999999 1
1 1 1
0.80000000000000004 1
2 0 3
13.010700999999999 0.019682158000000002
1.9622572 0.13796523999999999
0.44453796000000001 0.47831934999999998
2 0 1
0.12194961999999999 1
2 1 1
0.80000000000000004 1
3 0 5
2266.1767785000002 -0.0053431809925999999
340.87010191000002 -0.03989003923
77.363135166999996 -0.17853911985000001
21.47964494 -0.46427684958999998
6.6589433123999999 -0.44309745171999998
3 0 1
0.80975975668 1
3 0 1
0.25530772233999999 1
3 1 3
17.721504317000001 0.043394573192999997
3.8635505440000002 0.23094120765000001
1.0480920883 0.51375311063999995
3 1 1
0.27641544411000002 1
3 2 1
1.2 1
4 0 3
13.010700999999999 0.019682158000000002
1.9622572 0.13796523999999999
0.44453796000000001 0.47831934999999998
4 0 1
0.12194961999999999 1
4 1 1
0.80000000000000004 1
5 0 3
13.010700999999999 0.019682158000000002
1.9622572 0.13796523999999999
0.44453796000000001 0.47831934999999998
5 0 1
0.12194961999999999 1
5 1 1
0.80000000000000004 1
6 0 5
2266.1767785000002 -0.0053431809925999999
340.87010191000002 -0.03989003923
77.363135166999996 -0.17853911985000001
21.47964494 -0.46427684958999998
6.6589433123999999 -0.44309745171999998
6 0 1
0.80975975668 1
6 0 1
0.25530772233999999 1
6 1 3
17.721504317000001 0.043394573192999997
3.8635505440000002 0.23094120765000001
1.0480920883 0.51375311063999995
6 1 1
0.27641544411000002 1
6 2 1
1.2 1
7 0 3
13.010700999999999 0.019682158000000002
1.9622572 0.13796523999999999
0.44453796000000001 0.47831934999999998
7 0 1
0.12194961999999999 1
7 1 1
0.80000000000000004 1
8 0 3
13.010700999999999 0.019682158000000002
1.9622572 0.13796523999999999
0.44453796000000001 0.47831934999999998
8 0 1
0.12194961999999999 1
8 1 1
0.80000000000000004 1
9 0 5
2266.1767785000002 -0.0053431809925999999
340.87010191000002 -0.03989003923
77.363135166999996 -0.17853911985000001
21.47964494 -0.46427684958999998
6.6589433123999999 -0.44309745171999998
9 0 1
0.80975975668 1
9 0 1
0.25530772233999999 1
9 1 3
17.721504317000001 0.043394573192999997
3.8635505440000002 0.23094120765000001
1.0480920883 0.51375311063999995
9 1 1
0.27641544411000002 1
9 2 1
1.2 1
10 0 3
13.010700999999999 0.019682158000000002
1.9622572 0.13796523999999999
0.44453796000000001 0.47831934999999998
10 0 1
0.12194961999999999 1
10 1 1
0.80000000000000004 1
11 0 3
13.010700999999999 0.019682158000000002
1.9622572 0.13796523999999999
0.44453796000000001 0.47831934999999998
11 0 1
0.12194961999999999 1
11 1 1
0.80000000000000004 1
12 0 5
2266.1767785000002 -0.0053431809925999999
340.87010191000002 -0.03989003923
77.363135166999996 -0.17853911985000001
21.47964494 -0.46427684958999998
6.6589433123999999 -0.44309745171999998
12 0 1
0.80975975668 1
12 0 1
0.25530772233999999 1
12 1 3
17.721504317000001 0.043394573192999997
3.8635505440000002 0.23094120765000001
1.0480920883 0.51375311063999995
12 1 1
0.27641544411000002 1
12 2 1
1.2 1
13 0 3
13.010700999999999 0.019682158000000002
1.9622572 0.13796523999999999
0.44453796000000001 0.47831934999999998
13 0 1
0.12194961999999999 1
13 1 1
0.80000000000000004 1
14 0 3
13.010700999999999 0.019682158000000002
1.9622572 0.13796523999999999
0.44453796000000001 0.47831934999999998
14 0 1
0.12194961999999999 1
14 1 1
0.80000000000000004 1
15 0 5
2266.1767785000002 -0.0053431809925999999
340.87010191000002 -0.03989003923
77.363135166999996 -0.17853911985000001
21.47964494 -0.46427684958999998
6.6589433123999999 -0.44309745171999998
15 0 1
0.80975975668 1
15 0 1
0.25530772233999999 1
15 1 3
17.721504317000001 0.043394573192999997
3.8635505440000002 0.23094120765000001
1.0480920883 0.51375311063999995
15 1 1
0.27641544411000002 1
15 2 1
1.2 1
16 0 3
13.010700999999999 0.019682158000000002
1.9622572 0.13796523999999999
0.44453796000000001 0.47831934999999998
16 0 1
0.12194961999999999 1
16 1 1
0.80000000000000004 1
17 0 3
13.010700999999999 0.019682158000000002
1.9622572 0.13796523999999999
0.44453796000000001 0.47831934999999998
17 0 1
0.12194961999999999 1
17 1 1
0.80000000000000004 1
18 0 5
2266.1767785000002 -0.0053431809925999999
340.87010191000002 -0.03989003923
77.363135166999996 -0.17853911985000001
21.47964494 -0.46427684958999998
6.6589433123999999 -0.44309745171999998
18 0 1
0.80975975668 1
18 0 1
0.25530772233999999 1
18 1 3
17.721504317000001 0.043394573192999997
3.8635505440000002 0.23094120765000001
1.0480920883 0.51375311063999995
18 1 1
0.27641544411000002 1
18 2 1
1.2 1
19 0 3
13.010700999999999 0.019682158000000002
1.9622572 0.13796523999999999
0.44453796000000001 0.47831934999999998
19 0 1
0.12194961999999999 1
19 1 1
0.80000000000000004 1
20 0 3
13.010700999999999 0.019682158000000002
1.9622572 0.13796523999999999
0.44453796000000001 0.47831934999999998
20 0 1
0.12194961999999999 1
20 1 1
0.80000000000000004 1
21 0 5
2266.1767785000002 -0.0053431809925999999
340.87010191000002 -0.03989003923
77.363135166999996 -0.17853911985000001
21.47964494 -0.46427684958999998
6.6589433123999999 -0.44309745171999998
21 0 1
0.80975975668 1
21 0 1
0.25530772233999999 1
21 1 3
17.721504317000001 0.043394573192999997
3.8635505440000002 0.23094120765000001
1.0480920883 0.51375311063999995
21 1 1
0.27641544411000002 1
21 2 1
1.2 1
22 0 3
13.010700999999999 0.019682158000000002
1.9622572 0.13796523999999999
0.44453796000000001 0.47831934999999998
22 0 1
0.12194961999999999 1
22 1 1
0.80000000000000004 1
23 0 3
13.010700999999999 0.019682158000000002
1.9622572 0.13796523999999999
0.44453796000000001 0.47831934999999998
23 0 1
0.12194961999999999 1
23 1 1
0.80000000000000004 1
24 0 5
2266.1767785000002 -0.0053431809925999999
340.87010191000002 -0.03989003923
77.363135166999996 -0.17853911985000001
21.47964494 -0.46427684958999998
6.6589433123999999 -0.44309745171999998
24 0 1
0.80975975668 1
24 0 1
0.25530772233999999 1
24 1 3
17.721504317000001 0.043394573192999997
3.8635505440000002 0.23094120765000001
1.0480920883 0.51375311063999995
24 1 1
0.27641544411000002 1
24 2 1
1.2 1
25 0 3
13.010700999999999 0.019682158000000002
1.9622572 0.13796523999999999
0.44453796000000001 0.47831934999999998
25 0 1
0.12194961999999999 1
25 1 1
0.80000000000000004 1
26 0 3
13.010700999999999 0.019682158000000002
1.9622572 0.13796523999999999
0.44453796000000001 0.47831934999999998
26 0 1
0.12194961999999999 1
26 1 1
0.80000000000000004 1
27 0 5
2266.1767785000002 -0.0053431809925999999
340.87010191000002 -0.03989003923
77.363135166999996 -0.17853911985000001
21.47964494 -0.46427684958999998
6.6589433123999999 -0.44309745171999998
27 0 1
0.80975975668 1
27 0 1
0.25530772233999999 1
27 1 3
17.721504317000001 0.043394573192999997
3.8635505440000002 0.23094120765000001
1.0480920883 0.51375311063999995
27 1 1
0.27641544411000002 1
27 2 1
1.2 1
28 0 3
13.010700999999999 0.019682158000000002
1.9622572 0.13796523999999999
0.44453796000000001 0.47831934999999998
28 0 1
0.12194961999999999 1
28 1 1
0.80000000000000004 1
29 0 3
13.010700999999999 0.019682158000000002
1.9622572 0.13796523999999999
0.44453796000000001 0.47831934999999998
29 0 1
0.12194961999999999 1
29 1 1
0.80000000000000004 1
30 0 5
2266.1767785000002 -0.0053431809925999999
340.87010191000002 -0.03989003923
77.363135166999996 -0.17853911985000001
21.47964494 -0.46427684958999998
6.6589433123999999 -0.44309745171999998
30 0 1
0.80975975668 1
30 0 1
0.25530772233999999 1
30 1 3
17.721504317000001 0.043394573192999997
3.8635505440000002 0.23094120765000001
1.0480920883 0.51375311063999995
30 1 1
0.27641544411000002 1
30 2 1
1.2 1
31 0 3
13.010700999999999 0.019682158000000002
1.9622572 0.13796523999999999
0.44453796000000001 0.47831934999999998
31 0 1
0.12194961999999999 1
31 1 1
0.80000000000000004 1
32 0 3
13.010700999999999 0.019682158000000002
1.9622572 0.13796523999999999
0.44453796000000001 0.47831934999999998
32 0 1
0.12194961999999999 1
32 1 1
0.80000000000000004 1
33 0 5
2266.1767785000002 -0.0053431809925999999
340.87010191000002 -0.03989003923
77.363135166999996 -0.17853911985000001
21.47964494 -0.46427684958999998
6.6589433123999999 -0.44309745171999998
33 0 1
0.80975975668 1
33 0 1
0.25530772233999999 1
33 1 3
17.721504317000001 0.043394573192999997
3.8635505440000002 0.23094120765000001
1.0480920883 0.51375311063999995
33 1 1
0.27641544411000002 1
33 2 1
1.2 1
34 0 3
13.010700999999999 0.019682158000000002
1.9622572 0.13796523999999999
0.44453796000000001 0.47831934999999998
34 0 1
0.12194961999999999 1
34 1 1
0.80000000000000004 1
35 0 3
13.010700999999999 0.019682158000000002
1.9622572 0.13796523999999999
0.44453796000000001 0.47831934999999998
35 0 1
0.12194961999999999 1
35 1 1
0.80000000000000004 1
36 0 5
2266.1767785000002 -0.0053431809925999999
340.87010191000002 -0.03989003923
77.363135166999996 -0.17853911985000001
21.47964494 -0.46427684958999998
6.6589433123999999 -0.44309745171999998
36 0 1
0.80975975668 1
36 0 1
0.25530772233999999 1
36 1 3
17.721504317000001 0.043394573192999997
3.8635505440000002 0.23094120765000001
1.0480920883 0.51375311063999995
36 1 1
0.27641544411000002 1
36 2 1
1.2 1
37 0 3
13.010700999999999 0.019682158000000002
1.9622572 0.13796523999999999
0.44453796000000001 0.47831934999999998
37 0 1
0.12194961999999999 1
37 1 1
0.80000000000000004 1
38 0 3
13.010700999999999 0.019682158000000002
1.9622572 0.13796523999999999
0.44453796000000001 0.47831934999999998
38 0 1
0.12194961999999999 1
38 1 1
0.80000000000000004 1
39 0 5
2266.1767785000002 -0.0053431809925999999
340.87010191000002 -0.03989003923
77.363135166999996 -0.17853911985000001
21.47964494 -0.46427684958999998
6.6589433123999999 -0.44309745171999998
39 0 1
0.80975975668 1
39 0 1
0.25530772233999999 1
39 1 3
17.721504317000001 0.043394573192999997
3.8635505440000002 0.23094120765000001
1.0480920883 0.51375311063999995
39 1 1
0.27641544411000002 1
39 2 1
1.2 1
40 0 3
13.010700999999999 0.019682158000000002
1.9622572 0.13796523999999999
0.44453796000000001 0.47831934999999998
40 0 1
0.12194961999999999 1
40 1 1
0.80000000000000004 1
41 0 3
13.010700999999999 0.019682158000000002
1.9622572 0.13796523999999999
0.44453796000000001 0.47831934999999998
41 0 1
0.12194961999999999 1
41 1 1
0.80000000000000004 1
42 0 5
2266.1767785000002 -0.0053431809925999999
340.87010191000002 -0.03989003923
77.363135166999996 -0.17853911985000001
21.47964494 -0.46427684958999998
6.6589433123999999 -0.44309745171999998
42 0 1
0.80975975668 1
42 0 1
0.25530772233999999 1
42 1 3
17.721504317000001 0.043394573192999997
3.8635505440000002 0.23094120765000001
1.0480920883 0.51375311063999995
42 1 1
0.27641544411000002 1
42 2 1
1.2 1
43 0 3
13.010700999999999 0.019682158000000002
1.9622572 0.13796523999999999
0.44453796000000001 0.47831934999999998
43 0 1
0.12194961999999999 1
43 1 1
0.80000000000000004 1
44 0 3
13.010700999999999 0.019682158000000002
1.9622572 0.13796523999999999
0.44453796000000001 0.47831934999999998
44 0 1
0.12194961999999999 1
44 1 1
0.80000000000000004 1
45 0 5
2266.1767785000002 -0.0053431809925999999
340.87010191000002 -0.03989003923
77.363135166999996 -0.17853911985000001
21.47964494 -0.46427684958999998
6.6589433123999999 -0.44309745171999998
45 0 1
0.80975975668 1
45 0 1
0.25530772233999999 1
45 1 3
17.721504317000001 0.043394573192999997
3.8635505440000002 0.23094120765000001
1.0480920883 0.51375311063999995
45 1 1
0.27641544411000002 1
45 2 1
1.2 1
46 0 3
13.010700999999999 0.019682158000000002
1.9622572 0.13796523999999999
0.44453796000000001 0.47831934999999998
46 0 1
0.12194961999999999 1
46 1 1
0.80000000000000004 1
47 0 3
13.010700999999999 0.019682158000000002
1.9622572 0.13796523999999999
0.44453796000000001 0.47831934999999998
47 0 1
0.12194961999999999 1
47 1 1
0.80000000000000004 1
48 0 5
2266.1767785000002 -0.0053431809925999999
340.87010191000002 -0.03989003923
77.363135166999996 -0.17853911985000001
21.47964494 -0.46427684958999998
6.6589433123999999 -0.44309745171999998
48 0 1
0.80975975668 1
48 0 1
0.25530772233999999 1
48 1 3
17.721504317000001 0.043394573192999997
3.8635505440000002 0.23094120765000001
1.0480920883 0.51375311063999995
48 1 1
0.27641544411000002 1
48 2 1
1.2 1
49 0 3
13.010700999999999 0.019682158000000002
1.9622572 0.13796523999999999
0.44453796000000001 0.47831934999999998
49 0 1
0.12194961999999999 1
49 1 1
0.80000000000000004 1
50 0 3
13.010700999999999 0.019682158000000002
1.9622572 0.13796523999999999
0.44453796000000001 0.47831934999999998
50 0 1
0.12194961999999999 1
50 1 1
0.80000000000000004 1
51 0 5
2266.1767785000002 -0.0053431809925999999
340.87010191000002 -0.03989003923
77.363135166999996 -0.17853911985000001
21.47964494 -0.46427684958999998
6.6589433123999999 -0.44309745171999998
51 0 1
0.80975975668 1
51 0 1
0.25530772233999999 1
51 1 3
17.721504317000001 0.043394573192999997
3.8635505440000002 0.23094120765000001
1.0480920883 0.51375311063999995
51 1 1
0.27641544411000002 1
51 2 1
1.2 1
52 0 3
13.010700999999999 0.019682158000000002
1.9622572 0.13796523999999999
0.44453796000000001 0.47831934999999998
52 0 1
0.12194961999999999 1
52 1 1
0.80000000000000004 1
53 0 3
13.010700999999999 0.019682158000000002
1.9622572 0.13796523999999999
0.44453796000000001 0.47831934999999998
53 0 1
0.12194961999999999 1
53 1 1
0.80000000000000004 1
54 0 5
2266.1767785000002 -0.0053431809925999999
340.87010191000002 -0.03989003923
77.363135166999996 -0.17853911985000001
21.47964494 -0.46427684958999998
6.6589433123999999 -0.44309745171999998
54 0 1
0.80975975668 1
54 0 1
0.25530772233999999 1
54 1 3
17.721504317000001 0.043394573192999997
3.8635505440000002 0.23094120765000001
1.0480920883 0.51375311063999995
54 1 1
0.27641544411000002 1
54 2 1
1.2 1
55 0 3
13.010700999999999 0.019682158000000002
1.9622572 0.13796523999999999
0.44453796000000001 0.47831934999999998
55 0 1
0.12194961999999999 1
55 1 1
0.80000000000000004 1
56 0 3
13.010700999999999 0.019682158000000002
1.9622572 0.13796523999999999
0.44453796000000001 0.47831934999999998
56 0 1
0.12194961999999999 1
56 1 1
0.80000000000000004 1
57 0 5
2266.1767785000002 -0.0053431809925999999
340.87010191000002 -0.03989003923
77.363135166999996 -0.17853911985000001
21.47964494 -0.46427684958999998
6.6589433123999999 -0.44309745171999998
57 0 1
0.80975975668 1
57 0 1
0.25530772233999999 1
57 1 3
17.721504317000001 0.043394573192999997
3.8635505440000002 0.23094120765000001
1.0480920883 0.51375311063999995
57 1 1
0.27641544411000002 1
57 2 1
1.2 1
58 0 3
13.010700999999999 0.019682158000000002
1.9622572 0.13796523999999999
0.44453796000000001 0.47831934999999998
58 0 1
0.12194961999999999 1
58 1 1
0.80000000000000004 1
59 0 3
13.010700999999999 0.019682158000000002
1.9622572 0.13796523999999999
0.44453796000000001 0.47831934999999998
59 0 1
0.12194961999999999 1
59 1 1
0.80000000000000004 1
60 0 5
2266.1767785000002 -0.0053431809925999999
340.87010191000002 -0.03989003923
77.363135166999996 -0.17853911985000001
21.47964494 -0.46427684958999998
6.6589433123999999 -0.44309745171999998
60 0 1
0.80975975668 1
60 0 1
0.25530772233999999 1
60 1 3
17.721504317000001 0.043394573192999997
3.8635505440000002 0.23094120765000001
1.0480920883 0.51375311063999995
60 1 1
0.27641544411000002 1
60 2 1
1.2 1
61 0 3
13.010700999999999 0.019682158000000002
1.9622572 0.13796523999999999
0.44453796000000001 0.47831934999999998
61 0 1
0.12194961999999999 1
61 1 1
0.80000000000000004 1
62 0 3
13.010700999999999 0.019682158000000002
1.9622572 0.13796523999999999
0.44453796000000001 0.47831934999999998
62 0 1
0.12194961999999999 1
62 1 1
0.80000000000000004 1
63 0 5
2266.1767785000002 -0.0053431809925999999
340.87010191000002 -0.03989003923
77.363135166999996 -0.17853911985000001
21.47964494 -0.46427684958999998
6.6589433123999999 -0.44309745171999998
63 0 1
0.80975975668 1
63 0 1
0.25530772233999999 1
63 1 3
17.721504317000001 0.043394573192999997
3.8635505440000002 0.23094120765000001
1.0480920883 0.51375311063999995
63 1 1
0.27641544411000002 1
63 2 1
1.2 1
64 0 3
13.010700999999999 0.019682158000000002
1.9622572 0.13796523999999999
0.44453796000000001 0.47831934999999998
64 0 1
0.12194961999999999 1
64 1 1
0.80000000000000004 1
65 0 3
13.010700999999999 0.019682158000000002
1.9622572 0.13796523999999999
0.44453796000000001 0.47831934999999998
65 0 1
0.12194961999999999 1
65 1 1
0.80000000000000004 1
66 0 5
2266.1767785000002 -0.0053431809925999999
340.87010191000002 -0.03989003923
77.363135166999996 -0.17853911985000001
21.47964494 -0.46427684958999998
6.6589433123999999 -0.44309745171999998
66 0 1
0.80975975668 1
66 0 1
0.25530772233999999 1
66 1 3
17.721504317000001 0.043394573192999997
3.8635505440000002 0.23094120765000001
1.0480920883 0.51375311063999995
66 1 1
0.27641544411000002 1
66 2 1
1.2 1
67 0 3
13.010700999999999 0.019682158000000002
1.9622572 0.13796523999999999
0.44453796000000001 0.47831934999999998
67 0 1
0.12194961999999999 1
67 1 1
0.80000000000000004 1
68 0 3
13.010700999999999 0.019682158000000002
1.9622572 0.13796523999999999
0.44453796000000001 0.47831934999999998
68 0 1
0.12194961999999999 1
68 1 1
0.80000000000000004 1
69 0 5
2266.1767785000002 -0.0053431809925999999
340.87010191000002 -0.03989003923
77.363135166999996 -0.17853911985000001
21.47964494 -0.46427684958999998
6.6589433123999999 -0.44309745171999998
69 0 1
0.80975975668 1
69 0 1
0.25530772233999999 1
69 1 3
17.721504317000001 0.043394573192999997
3.8635505440000002 0.23094120765000001
1.0480920883 0.51375311063999995
69 1 1
0.27641544411000002 1
69 2 1
1.2 1
70 0 3
13.010700999999999 0.019682158000000002
1.9622572 0.13796523999999999
0.44453796000000001 0.47831934999999998
70 0 1
0.12194961999999999 1
70 1 1
0.80000000000000004 1
71 0 3
13.010700999999999 0.019682158000000002
1.9622572 0.13796523999999999
0.44453796000000001 0.47831934999999998
71 0 1
0.12194961999999999 1
71 1 1
0.80000000000000004 1
72 0 5
2266.1767785000002 -0.0053431809925999999
340.87010191000002 -0.03989003923
77.363135166999996 -0.17853911985000001
21.47964494 -0.46427684958999998
6.6589433123999999 -0.44309745171999998
72 0 1
0.80975975668 1
72 0 1
0.25530772233999999 1
72 1 3
17.721504317000001 0.043394573192999997
3.8635505440000002 0.23094120765000001
1.0480920883 0.51375311063999995
72 1 1
0.27641544411000002 1
72 2 1
1.2 1
73 0 3
13.010700999999999 0.019682158000000002
1.9622572 0.13796523999999999
0.44453796000000001 0.47831934999999998
73 0 1
0.12194961999999999 1
73 1 1
0.80000000000000004 1
74 0 3
13.010700999999999 0.019682158000000002
1.9622572 0.13796523999999999
0.44453796000000001 0.47831934999999998
74 0 1
0.12194961999999999 1
74 1 1
0.80000000000000004 1
75 0 5
2266.1767785000002 -0.0053431809925999999
340.87010191000002 -0.03989003923
77.363135166999996 -0.17853911985000001
21.47964494 -0.46427684958999998
6.6589433123999999 -0.44309745171999998
75 0 1
0.80975975668 1
75 0 1
0.25530772233999999 1
75 1 3
17.721504317000001 0.043394573192999997
3.8635505440000002 0.23094120765000001
1.0480920883 0.51375311063999995
75 1 1
0.27641544411000002 1
75 2 1
1.2 1
76 0 3
13.010700999999999 0.019682158000000002
1.9622572 0.13796523999999999
0.44453796000000001 0.47831934999999998
76 0 1
0.12194961999999999 1
76 1 1
0.80000000000000004 1
77 0 3
13.010700999999999 0.019682158000000002
1.9622572 0.13796523999999999
0.44453796000000001 0.47831934999999998
77 0 1
0.12194961999999999 1
77 1 1
0.80000000000000004 1
78 0 5
2266.1767785000002 -0.0053431809925999999
340.87010191000002 -0.03989003923
77.363135166999996 -0.17853911985000001
21.47964494 -0.46427684958999998
6.6589433123999999 -0.44309745171999998
78 0 1
0.80975975668 1
78 0 1
0.25530772233999999 1
78 1 3
17.721504317000001 0.043394573192999997
3.8635505440000002 0.23094120765000001
1.0480920883 0.51375311063999995
78 1 1
0.27641544411000002 1
78 2 1
1.2 1
79 0 3
13.010700999999999 0.019682158000000002
1.9622572 0.13796523999999999
0.44453796000000001 0.47831934999999998
79 0 1
0.12194961999999999 1
79 1 1
0.80000000000000004 1
80 0 3
13.010700999999999 0.019682158000000002
1.9622572 0.13796523999999999
0.44453796000000001 0.47831934999999998
80 0 1
0.12194961999999999 1
80 1 1
0.80000000000000004 1
81 0 5
2266.1767785000002 -0.0053431809925999999
340.87010191000002 -0.03989003923
77.363135166999996 -0.17853911985000001
21.47964494 -0.46427684958999998
6.6589433123999999 -0.44309745171999998
81 0 1
0.80975975668 1
81 0 1
0.25530772233999999 1
81 1 3
17.721504317000001 0.043394573192999997
3.8635505440000002 0.23094120765000001
1.0480920883 0.51375311063999995
81 1 1
0.27641544411000002 1
81 2 1
1.2 1
82 0 3
13.010700999999999 0.019682158000000002
1.9622572 0.13796523999999999
0.44453796000000001 0.47831934999999998
82 0 1
0.12194961999999999 1
82 1 1
0.80000000000000004 1
83 0 3
13.010700999999999 0.019682158000000002
1.9622572 0.13796523999999999
0.44453796000000001 0.47831934999999998
83 0 1
0.12194961999999999 1
83 1 1
0.80000000000000004 1
84 0 5
2266.1767785000002 -0.0053431809925999999
340.87010191000002 -0.03989003923
77.363135166999996 -0.17853911985000001
21.47964494 -0.46427684958999998
6.6589433123999999 -0.44309745171999998
84 0 1
0.80975975668 1
84 0 1
0.25530772233999999 1
84 1 3
17.721504317000001 0.043394573192999997
3.8635505440000002 0.23094120765000001
1.0480920883 0.51375311063999995
84 1 1
0.27641544411000002 1
84 2 1
1.2 1
85 0 3
13.010700999999999 0.019682158000000002
1.9622572 0.13796523999999999
0.44453796000000001 0.47831934999999998
85 0 1
0.12194961999999999 1
85 1 1
0.80000000000000004 1
86 0 3
13.010700999999999 0.019682158000000002
1.9622572 0.13796523999999999
0.44453796000000001 0.47831934999999998
86 0 1
0.12194961999999999 1
86 1 1
0.80000000000000004 1
87 0 5
2266.1767785000002 -0.0053431809925999999
340.87010191000002 -0.03989003923
77.363135166999996 -0.17853911985000001
21.47964494 -0.46427684958999998
6.6589433123999999 -0.44309745171999998
87 0 1
0.80975975668 1
87 0 1
0.25530772233999999 1
87 1 3
17.721504317000001 0.043394573192999997
3.8635505440000002 0.23094120765000001
1.0480920883 0.51375311063999995
87 1 1
0.27641544411000002 1
87 2 1
1.2 1
88 0 3
13.010700999999999 0.019682158000000002
1.9622572 0.13796523999999999
0.44453796000000001 0.47831934999999998
88 0 1
0.12194961999999999 1
88 1 1
0.80000000000000004 1
89 0 3
13.010700999999999 0.019682158000000002
1.9622572 0.13796523999999999
0.44453796000000001 0.47831934999999998
89 0 1
0.12194961999999999 1
89 1 1
0.80000000000000004 1
90 0 5
2266.1767785000002 -0.0053431809925999999
340.87010191000002 -0.03989003923
77.363135166999996 -0.17853911985000001
21.47964494 -0.46427684958999998
6.6589433123999999 -0.44309745171999998
90 0 1
0.80975975668 1
90 0 1
0.25530772233999999 1
90 1 3
17.721504317000001 0.043394573192999997
3.8635505440000002 0.23094120765000001
1.0480920883 0.51375311063999995
90 1 1
0.27641544411000002 1
90 2 1
1.2 1
91 0 3
13.010700999999999 0.019682158000000002
1.9622572 0.13796523999999999
0.44453796000000001 0.47831934999999998
91 0 1
0.12194961999999999 1
91 1 1
0.80000000000000004 1
92 0 3
13.010700999999999 0.019682158000000002
1.9622572 0.13796523999999999
0.44453796000000001 0.47831934999999998
92 0 1
0.12194961999999999 1
92 1 1
0.80000000000000004 1
93 0 5
2266.1767785000002 -0.0053431809925999999
340.87010191000002 -0.03989003923
77.363135166999996 -0.17853911985000001
21.47964494 -0.46427684958999998
6.6589433123999999 -0.44309745171999998
93 0 1
0.80975975668 1
93 0 1
0.25530772233999999 1
93 1 3
17.721504317000001 0.043394573192999997
3.8635505440000002 0.23094120765000001
1.0480920883 0.51375311063999995
93 1 1
0.27641544411000002 1
93 2 1
1.2 1
94 0 3
13.010700999999999 0.019682158000000002
1.9622572 0.13796523999999999
0.44453796000000001 0.47831934999999998
94 0 1
0.12194961999999999 1
94 1 1
0.80000000000000004 1
95 0 3
13.010700999999999 0.019682158000000002
1.9622572 0.13796523999999999
0.44453796000000001 0.47831934999999998
95 0 1
0.12194961999999999 1
95 1 1
0.80000000000000004 1
0 64 1
64 62 1
126 63 1
189 60 1
249 64 1
313 63 1
376 62 1
438 63 1
501 60 1
561 64 1
625 63 1
688 62 1
750 18 1
1 1 2 1 1 1 148992 148992 148992 7990272
1 1 2 3 1 1 98304 98304 294912 15925248
1 1 2 3 3 1 16896 16896 152064 8045568
2 0 2 1 1 1 131072 131072 131072 4718592
2 0 2 1 3 1 65536 65536 196608 7077888
2 0 2 1 5 1 32768 32768 163840 5898240
2 1 2 1 1 1 98304 98304 98304 10616832
2 1 2 1 3 1 32768 32768 98304 10616832
2 2 0 1 1 1 67584 67584 67584 2392064
2 2 0 1 1 3 33792 33792 101376 3588096
2 2 0 1 1 5 16896 16896 84480 2990080
2 2 1 1 1 1 50688 50688 50688 5382144
2 2 1 1 1 3 16896 16896 50688 5382144
2 2 2 1 1 1 16896 16896 16896 3588096
