2 0
2 2 2
1 0.0 0.24 0.0
1 0.37 -0.24 0.21
0 0 9
0.57 0.83
0.94 -0.13
1.31 -0.065
1.6799999999999997 -0.043333333333333335
2.05 -0.0325
2.42 -0.026000000000000002
2.7899999999999996 -0.021666666666666667
3.1599999999999997 -0.018571428571428572
3.53 -0.01625
1 1 7
0.6799999999999999 0.83
1.0499999999999998 -0.13
1.42 -0.065
1.7899999999999998 -0.043333333333333335
2.16 -0.0325
2.5300000000000002 -0.026000000000000002
2.8999999999999995 -0.021666666666666667
0 0 9
0.8799999999999999 0.83
1.25 -0.13
1.6199999999999999 -0.065
1.9899999999999998 -0.043333333333333335
2.36 -0.0325
2.73 -0.026000000000000002
3.0999999999999996 -0.021666666666666667
3.4699999999999998 -0.018571428571428572
3.84 -0.01625
1 1 7
0.9899999999999999 0.83
1.3599999999999999 -0.13
1.73 -0.065
2.0999999999999996 -0.043333333333333335
2.4699999999999998 -0.0325
2.84 -0.026000000000000002
3.2099999999999995 -0.021666666666666667
2 2 2
1 0.0 0.24 0.0
1 0.37 -0.24 0.29
0 0 9
0.57 0.83
0.94 -0.13
1.31 -0.065
1.6799999999999997 -0.043333333333333335
2.05 -0.0325
2.42 -0.026000000000000002
2.7899999999999996 -0.021666666666666667
3.1599999999999997 -0.018571428571428572
3.53 -0.01625
1 1 7
0.6799999999999999 0.83
1.0499999999999998 -0.13
1.42 -0.065
1.7899999999999998 -0.043333333333333335
2.16 -0.0325
2.5300000000000002 -0.026000000000000002
2.8999999999999995 -0.021666666666666667
0 0 9
0.8799999999999999 0.83
1.25 -0.13
1.6199999999999999 -0.065
1.9899999999999998 -0.043333333333333335
2.36 -0.0325
2.73 -0.026000000000000002
3.0999999999999996 -0.021666666666666667
3.4699999999999998 -0.018571428571428572
3.84 -0.01625
1 1 7
0.9899999999999999 0.83
1.3599999999999999 -0.13
1.73 -0.065
2.0999999999999996 -0.043333333333333335
2.4699999999999998 -0.0325
2.84 -0.026000000000000002
3.2099999999999995 -0.021666666666666667
