2 1
4 4 4
1 0.0 0.24 0.0
1 0.37 -0.24 0.21
1 0.74 0.24 0.42
1 1.1099999999999999 -0.24 0.63
0 0 1
0.57 0.83
1 1 2
0.6799999999999999 0.83
1.0499999999999998 -0.13
2 2 1
0.7899999999999999 0.83
3 3 2
0.8999999999999999 0.83
1.27 -0.13
0 0 2
0.8799999999999999 0.83
1.25 -0.13
1 1 1
0.9899999999999999 0.83
2 2 2
1.0999999999999999 0.83
1.4699999999999998 -0.13
3 3 1
1.21 0.83
4 4 4
1 0.0 0.24 0.0
1 0.37 -0.24 0.29
1 0.74 0.24 0.42
1 1.1099999999999999 -0.24 0.63
0 0 2
0.57 0.83
0.94 -0.13
1 1 1
0.6799999999999999 0.83
2 2 2
0.7899999999999999 0.83
1.16 -0.13
3 3 1
0.8999999999999999 0.83
0 0 1
0.8799999999999999 0.83
1 1 2
0.9899999999999999 0.83
1.3599999999999999 -0.13
2 2 1
1.0999999999999999 0.83
3 3 2
1.21 0.83
1.58 -0.13
